1.0000000000000000e+00,0.0000000000000000e+00,1.3685041153068714e+07
1.0000000000000000e+00,1.0000000000000000e+00,1.3685042153068714e+07
1.0000000000000000e+00,2.0000000000000000e+00,1.3685043153068714e+07
1.0000000000000000e+00,3.0000000000000000e+00,1.3685044153068714e+07
1.0000000000000000e+00,4.0000000000000000e+00,1.3685045153068714e+07
1.0000000000000000e+00,5.0000000000000000e+00,1.3685046153068714e+07
1.0000000000000000e+00,6.0000000000000000e+00,1.3685047153068714e+07
1.0000000000000000e+00,7.0000000000000000e+00,1.3685048153068714e+07
1.0000000000000000e+00,8.0000000000000000e+00,1.3685049153068714e+07
1.0000000000000000e+00,9.0000000000000000e+00,1.3685050153068714e+07
1.0000000000000000e+00,1.0000000000000000e+01,1.3685051153068714e+07
1.0000000000000000e+00,1.1000000000000000e+01,1.3685052153068714e+07
1.0000000000000000e+00,1.2000000000000000e+01,1.3685053153068714e+07
1.0000000000000000e+00,1.3000000000000000e+01,1.3685054153068714e+07
1.0000000000000000e+00,1.4000000000000000e+01,1.3685055153068714e+07
1.0000000000000000e+00,1.5000000000000000e+01,1.3685056153068714e+07
1.0000000000000000e+00,1.6000000000000000e+01,1.3685057153068714e+07
1.0000000000000000e+00,1.7000000000000000e+01,1.3685058153068714e+07
1.0000000000000000e+00,1.8000000000000000e+01,1.3685059153068714e+07
1.0000000000000000e+00,1.9000000000000000e+01,1.3685060153068714e+07
1.0000000000000000e+00,2.0000000000000000e+01,1.3685061153068714e+07
1.0000000000000000e+00,2.1000000000000000e+01,1.3685062153068714e+07
1.0000000000000000e+00,2.2000000000000000e+01,1.3685063153068714e+07
1.0000000000000000e+00,2.3000000000000000e+01,1.3685064153068714e+07
1.0000000000000000e+00,2.4000000000000000e+01,1.3685065153068714e+07
1.0000000000000000e+00,2.5000000000000000e+01,1.3685066153068714e+07
1.0000000000000000e+00,2.6000000000000000e+01,1.3685067153068714e+07
1.0000000000000000e+00,2.7000000000000000e+01,1.3685068153068714e+07
1.0000000000000000e+00,2.8000000000000000e+01,1.3685069153068714e+07
1.0000000000000000e+00,2.9000000000000000e+01,1.3685070153068714e+07
1.0000000000000000e+00,3.0000000000000000e+01,1.3685071153068714e+07
1.0000000000000000e+00,3.1000000000000000e+01,1.3685072153068714e+07
1.0000000000000000e+00,3.2000000000000000e+01,1.3685073153068714e+07
1.0000000000000000e+00,3.3000000000000000e+01,1.3685074153068714e+07
1.0000000000000000e+00,3.4000000000000000e+01,1.3685075153068714e+07
1.0000000000000000e+00,3.5000000000000000e+01,1.3685076153068714e+07
1.0000000000000000e+00,3.6000000000000000e+01,1.3685077153068714e+07
1.0000000000000000e+00,3.7000000000000000e+01,1.3685078153068714e+07
1.0000000000000000e+00,3.8000000000000000e+01,1.3685079153068714e+07
1.0000000000000000e+00,3.9000000000000000e+01,1.3685080153068714e+07
1.0000000000000000e+00,4.0000000000000000e+01,1.3685081153068714e+07
1.0000000000000000e+00,4.1000000000000000e+01,1.3685082153068714e+07
1.0000000000000000e+00,4.2000000000000000e+01,1.3685083153068714e+07
1.0000000000000000e+00,4.3000000000000000e+01,1.3685084153068714e+07
1.0000000000000000e+00,4.4000000000000000e+01,1.3685085153068714e+07
1.0000000000000000e+00,4.5000000000000000e+01,1.3685086153068714e+07
1.0000000000000000e+00,4.6000000000000000e+01,1.3685087153068714e+07
1.0000000000000000e+00,4.7000000000000000e+01,1.3685088153068714e+07
1.0000000000000000e+00,4.8000000000000000e+01,1.3685089153068714e+07
1.0000000000000000e+00,4.9000000000000000e+01,1.3685090153068714e+07
1.0000000000000000e+00,5.0000000000000000e+01,1.3685091153068714e+07
1.0000000000000000e+00,5.1000000000000000e+01,1.3685092153068714e+07
1.0000000000000000e+00,5.2000000000000000e+01,1.3685093153068714e+07
1.0000000000000000e+00,5.3000000000000000e+01,1.3685094153068714e+07
1.0000000000000000e+00,5.4000000000000000e+01,1.3685095153068714e+07
1.0000000000000000e+00,5.5000000000000000e+01,1.3685096153068714e+07
1.0000000000000000e+00,5.6000000000000000e+01,1.3685097153068714e+07
1.0000000000000000e+00,5.7000000000000000e+01,1.3685098153068714e+07
1.0000000000000000e+00,5.8000000000000000e+01,1.3685099153068714e+07
1.0000000000000000e+00,5.9000000000000000e+01,1.3685100153068714e+07
1.0000000000000000e+00,6.0000000000000000e+01,1.3685101153068714e+07
1.0000000000000000e+00,6.1000000000000000e+01,1.3685102153068714e+07
1.0000000000000000e+00,6.2000000000000000e+01,1.3685103153068714e+07
1.0000000000000000e+00,6.3000000000000000e+01,1.3685104153068714e+07
1.0000000000000000e+00,6.4000000000000000e+01,1.3685105153068714e+07
1.0000000000000000e+00,6.5000000000000000e+01,1.3685106153068714e+07
1.0000000000000000e+00,6.6000000000000000e+01,1.3685107153068714e+07
1.0000000000000000e+00,6.7000000000000000e+01,1.3685108153068714e+07
1.0000000000000000e+00,6.8000000000000000e+01,1.3685109153068714e+07
1.0000000000000000e+00,6.9000000000000000e+01,1.3685110153068714e+07
1.0000000000000000e+00,7.0000000000000000e+01,1.3685111153068714e+07
1.0000000000000000e+00,7.1000000000000000e+01,1.3685112153068714e+07
1.0000000000000000e+00,7.2000000000000000e+01,1.3685113153068714e+07
1.0000000000000000e+00,7.3000000000000000e+01,1.3685114153068714e+07
1.0000000000000000e+00,7.4000000000000000e+01,1.3685115153068714e+07
1.0000000000000000e+00,7.5000000000000000e+01,1.3685116153068714e+07
1.0000000000000000e+00,7.6000000000000000e+01,1.3685117153068714e+07
1.0000000000000000e+00,7.7000000000000000e+01,1.3685118153068714e+07
1.0000000000000000e+00,7.8000000000000000e+01,1.3685119153068714e+07
1.0000000000000000e+00,7.9000000000000000e+01,1.3685120153068714e+07
1.0000000000000000e+00,8.0000000000000000e+01,1.3685121153068714e+07
1.0000000000000000e+00,8.1000000000000000e+01,1.3685122153068714e+07
1.0000000000000000e+00,8.2000000000000000e+01,1.3685123153068714e+07
1.0000000000000000e+00,8.3000000000000000e+01,1.3685124153068714e+07
1.0000000000000000e+00,8.4000000000000000e+01,1.3685125153068714e+07
1.0000000000000000e+00,8.5000000000000000e+01,1.3685126153068714e+07
1.0000000000000000e+00,8.6000000000000000e+01,1.3685127153068714e+07
1.0000000000000000e+00,8.7000000000000000e+01,1.3685128153068714e+07
1.0000000000000000e+00,8.8000000000000000e+01,1.3685129153068714e+07
1.0000000000000000e+00,8.9000000000000000e+01,1.3685130153068714e+07
1.0000000000000000e+00,9.0000000000000000e+01,1.3685131153068714e+07
1.0000000000000000e+00,9.1000000000000000e+01,1.3685132153068714e+07
1.0000000000000000e+00,9.2000000000000000e+01,1.3685133153068714e+07
1.0000000000000000e+00,9.3000000000000000e+01,1.3685134153068714e+07
1.0000000000000000e+00,9.4000000000000000e+01,1.3685135153068714e+07
1.0000000000000000e+00,9.5000000000000000e+01,1.3685136153068714e+07
1.0000000000000000e+00,9.6000000000000000e+01,1.3685137153068714e+07
1.0000000000000000e+00,9.7000000000000000e+01,1.3685138153068714e+07
1.0000000000000000e+00,9.8000000000000000e+01,1.3685139153068714e+07
1.0000000000000000e+00,9.9000000000000000e+01,1.3685140153068714e+07
1.0000000000000000e+00,1.0000000000000000e+02,1.3685141153068714e+07
1.0000000000000000e+00,1.0100000000000000e+02,1.3685142153068714e+07
1.0000000000000000e+00,1.0200000000000000e+02,1.3685143153068714e+07
1.0000000000000000e+00,1.0300000000000000e+02,1.3685144153068714e+07
1.0000000000000000e+00,1.0400000000000000e+02,1.3685145153068714e+07
1.0000000000000000e+00,1.0500000000000000e+02,1.3685146153068714e+07
1.0000000000000000e+00,1.0600000000000000e+02,1.3685147153068714e+07
1.0000000000000000e+00,1.0700000000000000e+02,1.3685148153068714e+07
1.0000000000000000e+00,1.0800000000000000e+02,1.3685149153068714e+07
1.0000000000000000e+00,1.0900000000000000e+02,1.3685150153068714e+07
1.0000000000000000e+00,1.1000000000000000e+02,1.3685151153068714e+07
1.0000000000000000e+00,1.1100000000000000e+02,1.3685152153068714e+07
1.0000000000000000e+00,1.1200000000000000e+02,1.3685153153068714e+07
1.0000000000000000e+00,1.1300000000000000e+02,1.3685154153068714e+07
1.0000000000000000e+00,1.1400000000000000e+02,1.3685155153068714e+07
1.0000000000000000e+00,1.1500000000000000e+02,1.3685156153068714e+07
1.0000000000000000e+00,1.1600000000000000e+02,1.3685157153068714e+07
1.0000000000000000e+00,1.1700000000000000e+02,1.3685158153068714e+07
1.0000000000000000e+00,1.1800000000000000e+02,1.3685159153068714e+07
1.0000000000000000e+00,1.1900000000000000e+02,1.3685160153068714e+07
1.0000000000000000e+00,1.2000000000000000e+02,1.3685161153068714e+07
1.0000000000000000e+00,1.2100000000000000e+02,1.3685162153068714e+07
1.0000000000000000e+00,1.2200000000000000e+02,1.3685163153068714e+07
1.0000000000000000e+00,1.2300000000000000e+02,1.3685164153068714e+07
1.0000000000000000e+00,1.2400000000000000e+02,1.3685165153068714e+07
1.0000000000000000e+00,1.2500000000000000e+02,1.3685166153068714e+07
1.0000000000000000e+00,1.2600000000000000e+02,1.3685167153068714e+07
1.0000000000000000e+00,1.2700000000000000e+02,1.3685168153068714e+07
1.0000000000000000e+00,1.2800000000000000e+02,1.3685169153068714e+07
1.0000000000000000e+00,1.2900000000000000e+02,1.3685170153068714e+07
1.0000000000000000e+00,1.3000000000000000e+02,1.3685171153068714e+07
1.0000000000000000e+00,1.3100000000000000e+02,1.3685172153068714e+07
1.0000000000000000e+00,1.3200000000000000e+02,1.3685173153068714e+07
1.0000000000000000e+00,1.3300000000000000e+02,1.3685174153068714e+07
1.0000000000000000e+00,1.3400000000000000e+02,1.3685175153068714e+07
1.0000000000000000e+00,1.3500000000000000e+02,1.3685176153068714e+07
1.0000000000000000e+00,1.3600000000000000e+02,1.3685177153068714e+07
1.0000000000000000e+00,1.3700000000000000e+02,1.3685178153068714e+07
1.0000000000000000e+00,1.3800000000000000e+02,1.3685179153068714e+07
1.0000000000000000e+00,1.3900000000000000e+02,1.3685180153068714e+07
1.0000000000000000e+00,1.4000000000000000e+02,1.3685181153068714e+07
1.0000000000000000e+00,1.4100000000000000e+02,1.3685182153068714e+07
1.0000000000000000e+00,1.4200000000000000e+02,1.3685183153068714e+07
1.0000000000000000e+00,1.4300000000000000e+02,1.3685184153068714e+07
1.0000000000000000e+00,1.4400000000000000e+02,1.3685185153068714e+07
1.0000000000000000e+00,1.4500000000000000e+02,1.3685186153068714e+07
1.0000000000000000e+00,1.4600000000000000e+02,1.3685187153068714e+07
1.0000000000000000e+00,1.4700000000000000e+02,1.3685188153068714e+07
1.0000000000000000e+00,1.4800000000000000e+02,1.3685189153068714e+07
1.0000000000000000e+00,1.4900000000000000e+02,1.3685190153068714e+07
1.0000000000000000e+00,1.5000000000000000e+02,1.3685191153068714e+07
1.0000000000000000e+00,1.5100000000000000e+02,1.3685192153068714e+07
1.0000000000000000e+00,1.5200000000000000e+02,1.3685193153068714e+07
1.0000000000000000e+00,1.5300000000000000e+02,1.3685194153068714e+07
1.0000000000000000e+00,1.5400000000000000e+02,1.3685195153068714e+07
1.0000000000000000e+00,1.5500000000000000e+02,1.3685196153068714e+07
1.0000000000000000e+00,1.5600000000000000e+02,1.3685197153068714e+07
1.0000000000000000e+00,1.5700000000000000e+02,1.3685198153068714e+07
1.0000000000000000e+00,1.5800000000000000e+02,1.3685199153068714e+07
1.0000000000000000e+00,1.5900000000000000e+02,1.3685200153068714e+07
1.0000000000000000e+00,1.6000000000000000e+02,1.3685201153068714e+07
1.0000000000000000e+00,1.6100000000000000e+02,1.3685202153068714e+07
1.0000000000000000e+00,1.6200000000000000e+02,1.3685203153068714e+07
1.0000000000000000e+00,1.6300000000000000e+02,1.3685204153068714e+07
1.0000000000000000e+00,1.6400000000000000e+02,1.3685205153068714e+07
1.0000000000000000e+00,1.6500000000000000e+02,1.3685206153068714e+07
1.0000000000000000e+00,1.6600000000000000e+02,1.3685207153068714e+07
1.0000000000000000e+00,1.6700000000000000e+02,1.3685208153068714e+07
1.0000000000000000e+00,1.6800000000000000e+02,1.3685209153068714e+07
1.0000000000000000e+00,1.6900000000000000e+02,1.3685210153068714e+07
1.0000000000000000e+00,1.7000000000000000e+02,1.3685211153068714e+07
1.0000000000000000e+00,1.7100000000000000e+02,1.3685212153068714e+07
1.0000000000000000e+00,1.7200000000000000e+02,1.3685213153068714e+07
1.0000000000000000e+00,1.7300000000000000e+02,1.3685214153068714e+07
1.0000000000000000e+00,1.7400000000000000e+02,1.3685215153068714e+07
1.0000000000000000e+00,1.7500000000000000e+02,1.3685216153068714e+07
1.0000000000000000e+00,1.7600000000000000e+02,1.3685217153068714e+07
1.0000000000000000e+00,1.7700000000000000e+02,1.3685218153068714e+07
1.0000000000000000e+00,1.7800000000000000e+02,1.3685219153068714e+07
1.0000000000000000e+00,1.7900000000000000e+02,1.3685220153068714e+07
1.0000000000000000e+00,1.8000000000000000e+02,1.3685221153068714e+07
1.0000000000000000e+00,1.8100000000000000e+02,1.3685222153068714e+07
1.0000000000000000e+00,1.8200000000000000e+02,1.3685223153068714e+07
1.0000000000000000e+00,1.8300000000000000e+02,1.3685224153068714e+07
1.0000000000000000e+00,1.8400000000000000e+02,1.3685225153068714e+07
1.0000000000000000e+00,1.8500000000000000e+02,1.3685226153068714e+07
1.0000000000000000e+00,1.8600000000000000e+02,1.3685227153068714e+07
1.0000000000000000e+00,1.8700000000000000e+02,1.3685228153068714e+07
1.0000000000000000e+00,1.8800000000000000e+02,1.3685229153068714e+07
1.0000000000000000e+00,1.8900000000000000e+02,1.3685230153068714e+07
1.0000000000000000e+00,1.9000000000000000e+02,1.3685231153068714e+07
1.0000000000000000e+00,1.9100000000000000e+02,1.3685232153068714e+07
1.0000000000000000e+00,1.9200000000000000e+02,1.3685233153068714e+07
1.0000000000000000e+00,1.9300000000000000e+02,1.3685234153068714e+07
1.0000000000000000e+00,1.9400000000000000e+02,1.3685235153068714e+07
1.0000000000000000e+00,1.9500000000000000e+02,1.3685236153068714e+07
1.0000000000000000e+00,1.9600000000000000e+02,1.3685237153068714e+07
1.0000000000000000e+00,1.9700000000000000e+02,1.3685238153068714e+07
1.0000000000000000e+00,1.9800000000000000e+02,1.3685239153068714e+07
1.0000000000000000e+00,1.9900000000000000e+02,1.3685240153068714e+07
1.0000000000000000e+00,2.0000000000000000e+02,1.3685241153068714e+07
1.0000000000000000e+00,2.0100000000000000e+02,1.3685242153068714e+07
1.0000000000000000e+00,2.0200000000000000e+02,1.3685243153068714e+07
1.0000000000000000e+00,2.0300000000000000e+02,1.3685244153068714e+07
1.0000000000000000e+00,2.0400000000000000e+02,1.3685245153068714e+07
1.0000000000000000e+00,2.0500000000000000e+02,1.3685246153068714e+07
1.0000000000000000e+00,2.0600000000000000e+02,1.3685247153068714e+07
1.0000000000000000e+00,2.0700000000000000e+02,1.3685248153068714e+07
1.0000000000000000e+00,2.0800000000000000e+02,1.3685249153068714e+07
1.0000000000000000e+00,2.0900000000000000e+02,1.3685250153068714e+07
1.0000000000000000e+00,2.1000000000000000e+02,1.3685251153068714e+07
1.0000000000000000e+00,2.1100000000000000e+02,1.3685252153068714e+07
1.0000000000000000e+00,2.1200000000000000e+02,1.3685253153068714e+07
1.0000000000000000e+00,2.1300000000000000e+02,1.3685254153068714e+07
1.0000000000000000e+00,2.1400000000000000e+02,1.3685255153068714e+07
1.0000000000000000e+00,2.1500000000000000e+02,1.3685256153068714e+07
1.0000000000000000e+00,2.1600000000000000e+02,1.3685257153068714e+07
1.0000000000000000e+00,2.1700000000000000e+02,1.3685258153068714e+07
1.0000000000000000e+00,2.1800000000000000e+02,1.3685259153068714e+07
1.0000000000000000e+00,2.1900000000000000e+02,1.3685260153068714e+07
1.0000000000000000e+00,2.2000000000000000e+02,1.3685261153068714e+07
1.0000000000000000e+00,2.2100000000000000e+02,1.3685262153068714e+07
1.0000000000000000e+00,2.2200000000000000e+02,1.3685263153068714e+07
1.0000000000000000e+00,2.2300000000000000e+02,1.3685264153068714e+07
1.0000000000000000e+00,2.2400000000000000e+02,1.3685265153068714e+07
1.0000000000000000e+00,2.2500000000000000e+02,1.3685266153068714e+07
1.0000000000000000e+00,2.2600000000000000e+02,1.3685267153068714e+07
1.0000000000000000e+00,2.2700000000000000e+02,1.3685268153068714e+07
1.0000000000000000e+00,2.2800000000000000e+02,1.3685269153068714e+07
1.0000000000000000e+00,2.2900000000000000e+02,1.3685270153068714e+07
1.0000000000000000e+00,2.3000000000000000e+02,1.3685271153068714e+07
1.0000000000000000e+00,2.3100000000000000e+02,1.3685272153068714e+07
1.0000000000000000e+00,2.3200000000000000e+02,1.3685273153068714e+07
1.0000000000000000e+00,2.3300000000000000e+02,1.3685274153068714e+07
1.0000000000000000e+00,2.3400000000000000e+02,1.3685275153068714e+07
1.0000000000000000e+00,2.3500000000000000e+02,1.3685276153068714e+07
1.0000000000000000e+00,2.3600000000000000e+02,1.3685277153068714e+07
1.0000000000000000e+00,2.3700000000000000e+02,1.3685278153068714e+07
1.0000000000000000e+00,2.3800000000000000e+02,1.3685279153068714e+07
1.0000000000000000e+00,2.3900000000000000e+02,1.3685280153068714e+07
1.0000000000000000e+00,2.4000000000000000e+02,1.3685281153068714e+07
1.0000000000000000e+00,2.4100000000000000e+02,1.3685282153068714e+07
1.0000000000000000e+00,2.4200000000000000e+02,1.3685283153068714e+07
1.0000000000000000e+00,2.4300000000000000e+02,1.3685284153068714e+07
1.0000000000000000e+00,2.4400000000000000e+02,1.3685285153068714e+07
1.0000000000000000e+00,2.4500000000000000e+02,1.3685286153068714e+07
1.0000000000000000e+00,2.4600000000000000e+02,1.3685287153068714e+07
1.0000000000000000e+00,2.4700000000000000e+02,1.3685288153068714e+07
1.0000000000000000e+00,2.4800000000000000e+02,1.3685289153068714e+07
1.0000000000000000e+00,2.4900000000000000e+02,1.3685290153068714e+07
1.0000000000000000e+00,2.5000000000000000e+02,1.3685291153068714e+07
1.0000000000000000e+00,2.5100000000000000e+02,1.3685292153068714e+07
1.0000000000000000e+00,2.5200000000000000e+02,1.3685293153068714e+07
1.0000000000000000e+00,2.5300000000000000e+02,1.3685294153068714e+07
1.0000000000000000e+00,2.5400000000000000e+02,1.3685295153068714e+07
1.0000000000000000e+00,2.5500000000000000e+02,1.3685296153068714e+07
1.0000000000000000e+00,2.5600000000000000e+02,1.3685297153068714e+07
1.0000000000000000e+00,2.5700000000000000e+02,1.3685298153068714e+07
1.0000000000000000e+00,2.5800000000000000e+02,1.3685299153068714e+07
1.0000000000000000e+00,2.5900000000000000e+02,1.3685300153068714e+07
1.0000000000000000e+00,2.6000000000000000e+02,1.3685301153068714e+07
1.0000000000000000e+00,2.6100000000000000e+02,1.3685302153068714e+07
1.0000000000000000e+00,2.6200000000000000e+02,1.3685303153068714e+07
1.0000000000000000e+00,2.6300000000000000e+02,1.3685304153068714e+07
1.0000000000000000e+00,2.6400000000000000e+02,1.3685305153068714e+07
1.0000000000000000e+00,2.6500000000000000e+02,1.3685306153068714e+07
1.0000000000000000e+00,2.6600000000000000e+02,1.3685307153068714e+07
1.0000000000000000e+00,2.6700000000000000e+02,1.3685308153068714e+07
1.0000000000000000e+00,2.6800000000000000e+02,1.3685309153068714e+07
1.0000000000000000e+00,2.6900000000000000e+02,1.3685310153068714e+07
1.0000000000000000e+00,2.7000000000000000e+02,1.3685311153068714e+07
1.0000000000000000e+00,2.7100000000000000e+02,1.3685312153068714e+07
1.0000000000000000e+00,2.7200000000000000e+02,1.3685313153068714e+07
1.0000000000000000e+00,2.7300000000000000e+02,1.3685314153068714e+07
1.0000000000000000e+00,2.7400000000000000e+02,1.3685315153068714e+07
1.0000000000000000e+00,2.7500000000000000e+02,1.3685316153068714e+07
1.0000000000000000e+00,2.7600000000000000e+02,1.3685317153068714e+07
1.0000000000000000e+00,2.7700000000000000e+02,1.3685318153068714e+07
1.0000000000000000e+00,2.7800000000000000e+02,1.3685319153068714e+07
1.0000000000000000e+00,2.7900000000000000e+02,1.3685320153068714e+07
1.0000000000000000e+00,2.8000000000000000e+02,1.3685321153068714e+07
1.0000000000000000e+00,2.8100000000000000e+02,1.3685322153068714e+07
1.0000000000000000e+00,2.8200000000000000e+02,1.3685323153068714e+07
1.0000000000000000e+00,2.8300000000000000e+02,1.3685324153068714e+07
1.0000000000000000e+00,2.8400000000000000e+02,1.3685325153068714e+07
1.0000000000000000e+00,2.8500000000000000e+02,1.3685326153068714e+07
1.0000000000000000e+00,2.8600000000000000e+02,1.3685327153068714e+07
1.0000000000000000e+00,2.8700000000000000e+02,1.3685328153068714e+07
1.0000000000000000e+00,2.8800000000000000e+02,1.3685329153068714e+07
1.0000000000000000e+00,2.8900000000000000e+02,1.3685330153068714e+07
1.0000000000000000e+00,2.9000000000000000e+02,1.3685331153068714e+07
1.0000000000000000e+00,2.9100000000000000e+02,1.3685332153068714e+07
1.0000000000000000e+00,2.9200000000000000e+02,1.3685333153068714e+07
1.0000000000000000e+00,2.9300000000000000e+02,1.3685334153068714e+07
1.0000000000000000e+00,2.9400000000000000e+02,1.3685335153068714e+07
1.0000000000000000e+00,2.9500000000000000e+02,1.3685336153068714e+07
1.0000000000000000e+00,2.9600000000000000e+02,1.3685337153068714e+07
1.0000000000000000e+00,2.9700000000000000e+02,1.3685338153068714e+07
1.0000000000000000e+00,2.9800000000000000e+02,1.3685339153068714e+07
1.0000000000000000e+00,2.9900000000000000e+02,1.3685340153068714e+07
1.0000000000000000e+00,3.0000000000000000e+02,1.3685341153068714e+07
1.0000000000000000e+00,3.0100000000000000e+02,1.3685342153068714e+07
1.0000000000000000e+00,3.0200000000000000e+02,1.3685343153068714e+07
1.0000000000000000e+00,3.0300000000000000e+02,1.3685344153068714e+07
1.0000000000000000e+00,3.0400000000000000e+02,1.3685345153068714e+07
1.0000000000000000e+00,3.0500000000000000e+02,1.3685346153068714e+07
1.0000000000000000e+00,3.0600000000000000e+02,1.3685347153068714e+07
1.0000000000000000e+00,3.0700000000000000e+02,1.3685348153068714e+07
1.0000000000000000e+00,3.0800000000000000e+02,1.3685349153068714e+07
1.0000000000000000e+00,3.0900000000000000e+02,1.3685350153068714e+07
1.0000000000000000e+00,3.1000000000000000e+02,1.3685351153068714e+07
1.0000000000000000e+00,3.1100000000000000e+02,1.3685352153068714e+07
1.0000000000000000e+00,3.1200000000000000e+02,1.3685353153068714e+07
1.0000000000000000e+00,3.1300000000000000e+02,1.3685354153068714e+07
1.0000000000000000e+00,3.1400000000000000e+02,1.3685355153068714e+07
1.0000000000000000e+00,3.1500000000000000e+02,1.3685356153068714e+07
1.0000000000000000e+00,3.1600000000000000e+02,1.3685357153068714e+07
1.0000000000000000e+00,3.1700000000000000e+02,1.3685358153068714e+07
1.0000000000000000e+00,3.1800000000000000e+02,1.3685359153068714e+07
1.0000000000000000e+00,3.1900000000000000e+02,1.3685360153068714e+07
1.0000000000000000e+00,3.2000000000000000e+02,1.3685361153068714e+07
1.0000000000000000e+00,3.2100000000000000e+02,1.3685362153068714e+07
1.0000000000000000e+00,3.2200000000000000e+02,1.3685363153068714e+07
1.0000000000000000e+00,3.2300000000000000e+02,1.3685364153068714e+07
1.0000000000000000e+00,3.2400000000000000e+02,1.3685365153068714e+07
1.0000000000000000e+00,3.2500000000000000e+02,1.3685366153068714e+07
1.0000000000000000e+00,3.2600000000000000e+02,1.3685367153068714e+07
1.0000000000000000e+00,3.2700000000000000e+02,1.3685368153068714e+07
1.0000000000000000e+00,3.2800000000000000e+02,1.3685369153068714e+07
1.0000000000000000e+00,3.2900000000000000e+02,1.3685370153068714e+07
1.0000000000000000e+00,3.3000000000000000e+02,1.3685371153068714e+07
1.0000000000000000e+00,3.3100000000000000e+02,1.3685372153068714e+07
1.0000000000000000e+00,3.3200000000000000e+02,1.3685373153068714e+07
1.0000000000000000e+00,3.3300000000000000e+02,1.3685374153068714e+07
1.0000000000000000e+00,3.3400000000000000e+02,1.3685375153068714e+07
1.0000000000000000e+00,3.3500000000000000e+02,1.3685376153068714e+07
1.0000000000000000e+00,3.3600000000000000e+02,1.3685377153068714e+07
1.0000000000000000e+00,3.3700000000000000e+02,1.3685378153068714e+07
1.0000000000000000e+00,3.3800000000000000e+02,1.3685379153068714e+07
1.0000000000000000e+00,3.3900000000000000e+02,1.3685380153068714e+07
1.0000000000000000e+00,3.4000000000000000e+02,1.3685381153068714e+07
1.0000000000000000e+00,3.4100000000000000e+02,1.3685382153068714e+07
1.0000000000000000e+00,3.4200000000000000e+02,1.3685383153068714e+07
1.0000000000000000e+00,3.4300000000000000e+02,1.3685384153068714e+07
1.0000000000000000e+00,3.4400000000000000e+02,1.3685385153068714e+07
1.0000000000000000e+00,3.4500000000000000e+02,1.3685386153068714e+07
1.0000000000000000e+00,3.4600000000000000e+02,1.3685387153068714e+07
1.0000000000000000e+00,3.4700000000000000e+02,1.3685388153068714e+07
1.0000000000000000e+00,3.4800000000000000e+02,1.3685389153068714e+07
1.0000000000000000e+00,3.4900000000000000e+02,1.3685390153068714e+07
1.0000000000000000e+00,3.5000000000000000e+02,1.3685391153068714e+07
1.0000000000000000e+00,3.5100000000000000e+02,1.3685392153068714e+07
1.0000000000000000e+00,3.5200000000000000e+02,1.3685393153068714e+07
1.0000000000000000e+00,3.5300000000000000e+02,1.3685394153068714e+07
1.0000000000000000e+00,3.5400000000000000e+02,1.3685395153068714e+07
1.0000000000000000e+00,3.5500000000000000e+02,1.3685396153068714e+07
1.0000000000000000e+00,3.5600000000000000e+02,1.3685397153068714e+07
1.0000000000000000e+00,3.5700000000000000e+02,1.3685398153068714e+07
1.0000000000000000e+00,3.5800000000000000e+02,1.3685399153068714e+07
1.0000000000000000e+00,3.5900000000000000e+02,1.3685400153068714e+07
1.0000000000000000e+00,3.6000000000000000e+02,1.3685401153068714e+07
1.0000000000000000e+00,3.6100000000000000e+02,1.3685402153068714e+07
1.0000000000000000e+00,3.6200000000000000e+02,1.3685403153068714e+07
1.0000000000000000e+00,3.6300000000000000e+02,1.3685404153068714e+07
1.0000000000000000e+00,3.6400000000000000e+02,1.3685405153068714e+07
1.0000000000000000e+00,3.6500000000000000e+02,1.3685406153068714e+07
1.0000000000000000e+00,3.6600000000000000e+02,1.3685407153068714e+07
1.0000000000000000e+00,3.6700000000000000e+02,1.3685408153068714e+07
1.0000000000000000e+00,3.6800000000000000e+02,1.3685409153068714e+07
1.0000000000000000e+00,3.6900000000000000e+02,1.3685410153068714e+07
1.0000000000000000e+00,3.7000000000000000e+02,1.3685411153068714e+07
1.0000000000000000e+00,3.7100000000000000e+02,1.3685412153068714e+07
1.0000000000000000e+00,3.7200000000000000e+02,1.3685413153068714e+07
1.0000000000000000e+00,3.7300000000000000e+02,1.3685414153068714e+07
1.0000000000000000e+00,3.7400000000000000e+02,1.3685415153068714e+07
1.0000000000000000e+00,3.7500000000000000e+02,1.3685416153068714e+07
1.0000000000000000e+00,3.7600000000000000e+02,1.3685417153068714e+07
1.0000000000000000e+00,3.7700000000000000e+02,1.3685418153068714e+07
1.0000000000000000e+00,3.7800000000000000e+02,1.3685419153068714e+07
1.0000000000000000e+00,3.7900000000000000e+02,1.3685420153068714e+07
1.0000000000000000e+00,3.8000000000000000e+02,1.3685421153068714e+07
1.0000000000000000e+00,3.8100000000000000e+02,1.3685422153068714e+07
1.0000000000000000e+00,3.8200000000000000e+02,1.3685423153068714e+07
1.0000000000000000e+00,3.8300000000000000e+02,1.3685424153068714e+07
1.0000000000000000e+00,3.8400000000000000e+02,1.3685425153068714e+07
1.0000000000000000e+00,3.8500000000000000e+02,1.3685426153068714e+07
1.0000000000000000e+00,3.8600000000000000e+02,1.3685427153068714e+07
1.0000000000000000e+00,3.8700000000000000e+02,1.3685428153068714e+07
1.0000000000000000e+00,3.8800000000000000e+02,1.3685429153068714e+07
1.0000000000000000e+00,3.8900000000000000e+02,1.3685430153068714e+07
1.0000000000000000e+00,3.9000000000000000e+02,1.3685431153068714e+07
1.0000000000000000e+00,3.9100000000000000e+02,1.3685432153068714e+07
1.0000000000000000e+00,3.9200000000000000e+02,1.3685433153068714e+07
1.0000000000000000e+00,3.9300000000000000e+02,1.3685434153068714e+07
1.0000000000000000e+00,3.9400000000000000e+02,1.3685435153068714e+07
1.0000000000000000e+00,3.9500000000000000e+02,1.3685436153068714e+07
1.0000000000000000e+00,3.9600000000000000e+02,1.3685437153068714e+07
1.0000000000000000e+00,3.9700000000000000e+02,1.3685438153068714e+07
1.0000000000000000e+00,3.9800000000000000e+02,1.3685439153068714e+07
1.0000000000000000e+00,3.9900000000000000e+02,1.3685440153068714e+07
1.0000000000000000e+00,4.0000000000000000e+02,1.3685441153068714e+07
1.0000000000000000e+00,4.0100000000000000e+02,1.3685442153068714e+07
1.0000000000000000e+00,4.0200000000000000e+02,1.3685443153068714e+07
1.0000000000000000e+00,4.0300000000000000e+02,1.3685444153068714e+07
1.0000000000000000e+00,4.0400000000000000e+02,1.3685445153068714e+07
1.0000000000000000e+00,4.0500000000000000e+02,1.3685446153068714e+07
1.0000000000000000e+00,4.0600000000000000e+02,1.3685447153068714e+07
1.0000000000000000e+00,4.0700000000000000e+02,1.3685448153068714e+07
1.0000000000000000e+00,4.0800000000000000e+02,1.3685449153068714e+07
1.0000000000000000e+00,4.0900000000000000e+02,1.3685450153068714e+07
1.0000000000000000e+00,4.1000000000000000e+02,1.3685451153068714e+07
1.0000000000000000e+00,4.1100000000000000e+02,1.3685452153068714e+07
1.0000000000000000e+00,4.1200000000000000e+02,1.3685453153068714e+07
1.0000000000000000e+00,4.1300000000000000e+02,1.3685454153068714e+07
1.0000000000000000e+00,4.1400000000000000e+02,1.3685455153068714e+07
1.0000000000000000e+00,4.1500000000000000e+02,1.3685456153068714e+07
1.0000000000000000e+00,4.1600000000000000e+02,1.3685457153068714e+07
1.0000000000000000e+00,4.1700000000000000e+02,1.3685458153068714e+07
1.0000000000000000e+00,4.1800000000000000e+02,1.3685459153068714e+07
1.0000000000000000e+00,4.1900000000000000e+02,1.3685460153068714e+07
1.0000000000000000e+00,4.2000000000000000e+02,1.3685461153068714e+07
1.0000000000000000e+00,4.2100000000000000e+02,1.3685462153068714e+07
1.0000000000000000e+00,4.2200000000000000e+02,1.3685463153068714e+07
1.0000000000000000e+00,4.2300000000000000e+02,1.3685464153068714e+07
1.0000000000000000e+00,4.2400000000000000e+02,1.3685465153068714e+07
1.0000000000000000e+00,4.2500000000000000e+02,1.3685466153068714e+07
1.0000000000000000e+00,4.2600000000000000e+02,1.3685467153068714e+07
1.0000000000000000e+00,4.2700000000000000e+02,1.3685468153068714e+07
1.0000000000000000e+00,4.2800000000000000e+02,1.3685469153068714e+07
1.0000000000000000e+00,4.2900000000000000e+02,1.3685470153068714e+07
1.0000000000000000e+00,4.3000000000000000e+02,1.3685471153068714e+07
1.0000000000000000e+00,4.3100000000000000e+02,1.3685472153068714e+07
1.0000000000000000e+00,4.3200000000000000e+02,1.3685473153068714e+07
1.0000000000000000e+00,4.3300000000000000e+02,1.3685474153068714e+07
1.0000000000000000e+00,4.3400000000000000e+02,1.3685475153068714e+07
1.0000000000000000e+00,4.3500000000000000e+02,1.3685476153068714e+07
1.0000000000000000e+00,4.3600000000000000e+02,1.3685477153068714e+07
1.0000000000000000e+00,4.3700000000000000e+02,1.3685478153068714e+07
1.0000000000000000e+00,4.3800000000000000e+02,1.3685479153068714e+07
1.0000000000000000e+00,4.3900000000000000e+02,1.3685480153068714e+07
1.0000000000000000e+00,4.4000000000000000e+02,1.3685481153068714e+07
1.0000000000000000e+00,4.4100000000000000e+02,1.3685482153068714e+07
1.0000000000000000e+00,4.4200000000000000e+02,1.3685483153068714e+07
1.0000000000000000e+00,4.4300000000000000e+02,1.3685484153068714e+07
1.0000000000000000e+00,4.4400000000000000e+02,1.3685485153068714e+07
1.0000000000000000e+00,4.4500000000000000e+02,1.3685486153068714e+07
1.0000000000000000e+00,4.4600000000000000e+02,1.3685487153068714e+07
1.0000000000000000e+00,4.4700000000000000e+02,1.3685488153068714e+07
1.0000000000000000e+00,4.4800000000000000e+02,1.3685489153068714e+07
1.0000000000000000e+00,4.4900000000000000e+02,1.3685490153068714e+07
1.0000000000000000e+00,4.5000000000000000e+02,1.3685491153068714e+07
1.0000000000000000e+00,4.5100000000000000e+02,1.3685492153068714e+07
1.0000000000000000e+00,4.5200000000000000e+02,1.3685493153068714e+07
1.0000000000000000e+00,4.5300000000000000e+02,1.3685494153068714e+07
1.0000000000000000e+00,4.5400000000000000e+02,1.3685495153068714e+07
1.0000000000000000e+00,4.5500000000000000e+02,1.3685496153068714e+07
1.0000000000000000e+00,4.5600000000000000e+02,1.3685497153068714e+07
1.0000000000000000e+00,4.5700000000000000e+02,1.3685498153068714e+07
1.0000000000000000e+00,4.5800000000000000e+02,1.3685499153068714e+07
1.0000000000000000e+00,4.5900000000000000e+02,1.3685500153068714e+07
1.0000000000000000e+00,4.6000000000000000e+02,1.3685501153068714e+07
1.0000000000000000e+00,4.6100000000000000e+02,1.3685502153068714e+07
1.0000000000000000e+00,4.6200000000000000e+02,1.3685503153068714e+07
1.0000000000000000e+00,4.6300000000000000e+02,1.3685504153068714e+07
1.0000000000000000e+00,4.6400000000000000e+02,1.3685505153068714e+07
1.0000000000000000e+00,4.6500000000000000e+02,1.3685506153068714e+07
1.0000000000000000e+00,4.6600000000000000e+02,1.3685507153068714e+07
1.0000000000000000e+00,4.6700000000000000e+02,1.3685508153068714e+07
1.0000000000000000e+00,4.6800000000000000e+02,1.3685509153068714e+07
1.0000000000000000e+00,4.6900000000000000e+02,1.3685510153068714e+07
1.0000000000000000e+00,4.7000000000000000e+02,1.3685511153068714e+07
1.0000000000000000e+00,4.7100000000000000e+02,1.3685512153068714e+07
1.0000000000000000e+00,4.7200000000000000e+02,1.3685513153068714e+07
1.0000000000000000e+00,4.7300000000000000e+02,1.3685514153068714e+07
1.0000000000000000e+00,4.7400000000000000e+02,1.3685515153068714e+07
1.0000000000000000e+00,4.7500000000000000e+02,1.3685516153068714e+07
1.0000000000000000e+00,4.7600000000000000e+02,1.3685517153068714e+07
1.0000000000000000e+00,4.7700000000000000e+02,1.3685518153068714e+07
1.0000000000000000e+00,4.7800000000000000e+02,1.3685519153068714e+07
1.0000000000000000e+00,4.7900000000000000e+02,1.3685520153068714e+07
1.0000000000000000e+00,4.8000000000000000e+02,1.3685521153068714e+07
1.0000000000000000e+00,4.8100000000000000e+02,1.3685522153068714e+07
1.0000000000000000e+00,4.8200000000000000e+02,1.3685523153068714e+07
1.0000000000000000e+00,4.8300000000000000e+02,1.3685524153068714e+07
1.0000000000000000e+00,4.8400000000000000e+02,1.3685525153068714e+07
1.0000000000000000e+00,4.8500000000000000e+02,1.3685526153068714e+07
1.0000000000000000e+00,4.8600000000000000e+02,1.3685527153068714e+07
1.0000000000000000e+00,4.8700000000000000e+02,1.3685528153068714e+07
1.0000000000000000e+00,4.8800000000000000e+02,1.3685529153068714e+07
1.0000000000000000e+00,4.8900000000000000e+02,1.3685530153068714e+07
1.0000000000000000e+00,4.9000000000000000e+02,1.3685531153068714e+07
1.0000000000000000e+00,4.9100000000000000e+02,1.3685532153068714e+07
1.0000000000000000e+00,4.9200000000000000e+02,1.3685533153068714e+07
1.0000000000000000e+00,4.9300000000000000e+02,1.3685534153068714e+07
1.0000000000000000e+00,4.9400000000000000e+02,1.3685535153068714e+07
1.0000000000000000e+00,4.9500000000000000e+02,1.3685536153068714e+07
1.0000000000000000e+00,4.9600000000000000e+02,1.3685537153068714e+07
1.0000000000000000e+00,4.9700000000000000e+02,1.3685538153068714e+07
1.0000000000000000e+00,4.9800000000000000e+02,1.3685539153068714e+07
1.0000000000000000e+00,4.9900000000000000e+02,1.3685540153068714e+07
1.0000000000000000e+00,5.0000000000000000e+02,1.3685541153068714e+07
1.0000000000000000e+00,5.0100000000000000e+02,1.3685542153068714e+07
1.0000000000000000e+00,5.0200000000000000e+02,1.3685543153068714e+07
1.0000000000000000e+00,5.0300000000000000e+02,1.3685544153068714e+07
1.0000000000000000e+00,5.0400000000000000e+02,1.3685545153068714e+07
1.0000000000000000e+00,5.0500000000000000e+02,1.3685546153068714e+07
1.0000000000000000e+00,5.0600000000000000e+02,1.3685547153068714e+07
1.0000000000000000e+00,5.0700000000000000e+02,1.3685548153068714e+07
1.0000000000000000e+00,5.0800000000000000e+02,1.3685549153068714e+07
1.0000000000000000e+00,5.0900000000000000e+02,1.3685550153068714e+07
1.0000000000000000e+00,5.1000000000000000e+02,1.3685551153068714e+07
1.0000000000000000e+00,5.1100000000000000e+02,1.3685552153068714e+07
1.0000000000000000e+00,5.1200000000000000e+02,1.3685553153068714e+07
1.0000000000000000e+00,5.1300000000000000e+02,1.3685554153068714e+07
1.0000000000000000e+00,5.1400000000000000e+02,1.3685555153068714e+07
1.0000000000000000e+00,5.1500000000000000e+02,1.3685556153068714e+07
1.0000000000000000e+00,5.1600000000000000e+02,1.3685557153068714e+07
1.0000000000000000e+00,5.1700000000000000e+02,1.3685558153068714e+07
1.0000000000000000e+00,5.1800000000000000e+02,1.3685559153068714e+07
1.0000000000000000e+00,5.1900000000000000e+02,1.3685560153068714e+07
1.0000000000000000e+00,5.2000000000000000e+02,1.3685561153068714e+07
1.0000000000000000e+00,5.2100000000000000e+02,1.3685562153068714e+07
1.0000000000000000e+00,5.2200000000000000e+02,1.3685563153068714e+07
1.0000000000000000e+00,5.2300000000000000e+02,1.3685564153068714e+07
1.0000000000000000e+00,5.2400000000000000e+02,1.3685565153068714e+07
1.0000000000000000e+00,5.2500000000000000e+02,1.3685566153068714e+07
1.0000000000000000e+00,5.2600000000000000e+02,1.3685567153068714e+07
1.0000000000000000e+00,5.2700000000000000e+02,1.3685568153068714e+07
1.0000000000000000e+00,5.2800000000000000e+02,1.3685569153068714e+07
1.0000000000000000e+00,5.2900000000000000e+02,1.3685570153068714e+07
1.0000000000000000e+00,5.3000000000000000e+02,1.3685571153068714e+07
1.0000000000000000e+00,5.3100000000000000e+02,1.3685572153068714e+07
1.0000000000000000e+00,5.3200000000000000e+02,1.3685573153068714e+07
1.0000000000000000e+00,5.3300000000000000e+02,1.3685574153068714e+07
1.0000000000000000e+00,5.3400000000000000e+02,1.3685575153068714e+07
1.0000000000000000e+00,5.3500000000000000e+02,1.3685576153068714e+07
1.0000000000000000e+00,5.3600000000000000e+02,1.3685577153068714e+07
1.0000000000000000e+00,5.3700000000000000e+02,1.3685578153068714e+07
1.0000000000000000e+00,5.3800000000000000e+02,1.3685579153068714e+07
1.0000000000000000e+00,5.3900000000000000e+02,1.3685580153068714e+07
1.0000000000000000e+00,5.4000000000000000e+02,1.3685581153068714e+07
1.0000000000000000e+00,5.4100000000000000e+02,1.3685582153068714e+07
1.0000000000000000e+00,5.4200000000000000e+02,1.3685583153068714e+07
1.0000000000000000e+00,5.4300000000000000e+02,1.3685584153068714e+07
1.0000000000000000e+00,5.4400000000000000e+02,1.3685585153068714e+07
1.0000000000000000e+00,5.4500000000000000e+02,1.3685586153068714e+07
1.0000000000000000e+00,5.4600000000000000e+02,1.3685587153068714e+07
1.0000000000000000e+00,5.4700000000000000e+02,1.3685588153068714e+07
1.0000000000000000e+00,5.4800000000000000e+02,1.3685589153068714e+07
1.0000000000000000e+00,5.4900000000000000e+02,1.3685590153068714e+07
1.0000000000000000e+00,5.5000000000000000e+02,1.3685591153068714e+07
1.0000000000000000e+00,5.5100000000000000e+02,1.3685592153068714e+07
1.0000000000000000e+00,5.5200000000000000e+02,1.3685593153068714e+07
1.0000000000000000e+00,5.5300000000000000e+02,1.3685594153068714e+07
1.0000000000000000e+00,5.5400000000000000e+02,1.3685595153068714e+07
1.0000000000000000e+00,5.5500000000000000e+02,1.3685596153068714e+07
1.0000000000000000e+00,5.5600000000000000e+02,1.3685597153068714e+07
1.0000000000000000e+00,5.5700000000000000e+02,1.3685598153068714e+07
1.0000000000000000e+00,5.5800000000000000e+02,1.3685599153068714e+07
1.0000000000000000e+00,5.5900000000000000e+02,1.3685600153068714e+07
1.0000000000000000e+00,5.6000000000000000e+02,1.3685601153068714e+07
1.0000000000000000e+00,5.6100000000000000e+02,1.3685602153068714e+07
1.0000000000000000e+00,5.6200000000000000e+02,1.3685603153068714e+07
1.0000000000000000e+00,5.6300000000000000e+02,1.3685604153068714e+07
1.0000000000000000e+00,5.6400000000000000e+02,1.3685605153068714e+07
1.0000000000000000e+00,5.6500000000000000e+02,1.3685606153068714e+07
1.0000000000000000e+00,5.6600000000000000e+02,1.3685607153068714e+07
1.0000000000000000e+00,5.6700000000000000e+02,1.3685608153068714e+07
1.0000000000000000e+00,5.6800000000000000e+02,1.3685609153068714e+07
1.0000000000000000e+00,5.6900000000000000e+02,1.3685610153068714e+07
1.0000000000000000e+00,5.7000000000000000e+02,1.3685611153068714e+07
1.0000000000000000e+00,5.7100000000000000e+02,1.3685612153068714e+07
1.0000000000000000e+00,5.7200000000000000e+02,1.3685613153068714e+07
1.0000000000000000e+00,5.7300000000000000e+02,1.3685614153068714e+07
1.0000000000000000e+00,5.7400000000000000e+02,1.3685615153068714e+07
1.0000000000000000e+00,5.7500000000000000e+02,1.3685616153068714e+07
1.0000000000000000e+00,5.7600000000000000e+02,1.3685617153068714e+07
1.0000000000000000e+00,5.7700000000000000e+02,1.3685618153068714e+07
1.0000000000000000e+00,5.7800000000000000e+02,1.3685619153068714e+07
1.0000000000000000e+00,5.7900000000000000e+02,1.3685620153068714e+07
1.0000000000000000e+00,5.8000000000000000e+02,1.3685621153068714e+07
1.0000000000000000e+00,5.8100000000000000e+02,1.3685622153068714e+07
1.0000000000000000e+00,5.8200000000000000e+02,1.3685623153068714e+07
1.0000000000000000e+00,5.8300000000000000e+02,1.3685624153068714e+07
1.0000000000000000e+00,5.8400000000000000e+02,1.3685625153068714e+07
1.0000000000000000e+00,5.8500000000000000e+02,1.3685626153068714e+07
1.0000000000000000e+00,5.8600000000000000e+02,1.3685627153068714e+07
1.0000000000000000e+00,5.8700000000000000e+02,1.3685628153068714e+07
1.0000000000000000e+00,5.8800000000000000e+02,1.3685629153068714e+07
1.0000000000000000e+00,5.8900000000000000e+02,1.3685630153068714e+07
1.0000000000000000e+00,5.9000000000000000e+02,1.3685631153068714e+07
1.0000000000000000e+00,5.9100000000000000e+02,1.3685632153068714e+07
1.0000000000000000e+00,5.9200000000000000e+02,1.3685633153068714e+07
1.0000000000000000e+00,5.9300000000000000e+02,1.3685634153068714e+07
1.0000000000000000e+00,5.9400000000000000e+02,1.3685635153068714e+07
1.0000000000000000e+00,5.9500000000000000e+02,1.3685636153068714e+07
1.0000000000000000e+00,5.9600000000000000e+02,1.3685637153068714e+07
1.0000000000000000e+00,5.9700000000000000e+02,1.3685638153068714e+07
1.0000000000000000e+00,5.9800000000000000e+02,1.3685639153068714e+07
1.0000000000000000e+00,5.9900000000000000e+02,1.3685640153068714e+07
1.0000000000000000e+00,6.0000000000000000e+02,1.3685641153068714e+07
1.0000000000000000e+00,6.0100000000000000e+02,1.3685642153068714e+07
1.0000000000000000e+00,6.0200000000000000e+02,1.3685643153068714e+07
1.0000000000000000e+00,6.0300000000000000e+02,1.3685644153068714e+07
1.0000000000000000e+00,6.0400000000000000e+02,1.3685645153068714e+07
1.0000000000000000e+00,6.0500000000000000e+02,1.3685646153068714e+07
1.0000000000000000e+00,6.0600000000000000e+02,1.3685647153068714e+07
1.0000000000000000e+00,6.0700000000000000e+02,1.3685648153068714e+07
1.0000000000000000e+00,6.0800000000000000e+02,1.3685649153068714e+07
1.0000000000000000e+00,6.0900000000000000e+02,1.3685650153068714e+07
1.0000000000000000e+00,6.1000000000000000e+02,1.3685651153068714e+07
1.0000000000000000e+00,6.1100000000000000e+02,1.3685652153068714e+07
1.0000000000000000e+00,6.1200000000000000e+02,1.3685653153068714e+07
1.0000000000000000e+00,6.1300000000000000e+02,1.3685654153068714e+07
1.0000000000000000e+00,6.1400000000000000e+02,1.3685655153068714e+07
1.0000000000000000e+00,6.1500000000000000e+02,1.3685656153068714e+07
1.0000000000000000e+00,6.1600000000000000e+02,1.3685657153068714e+07
1.0000000000000000e+00,6.1700000000000000e+02,1.3685658153068714e+07
1.0000000000000000e+00,6.1800000000000000e+02,1.3685659153068714e+07
1.0000000000000000e+00,6.1900000000000000e+02,1.3685660153068714e+07
1.0000000000000000e+00,6.2000000000000000e+02,1.3685661153068714e+07
1.0000000000000000e+00,6.2100000000000000e+02,1.3685662153068714e+07
1.0000000000000000e+00,6.2200000000000000e+02,1.3685663153068714e+07
1.0000000000000000e+00,6.2300000000000000e+02,1.3685664153068714e+07
1.0000000000000000e+00,6.2400000000000000e+02,1.3685665153068714e+07
1.0000000000000000e+00,6.2500000000000000e+02,1.3685666153068714e+07
1.0000000000000000e+00,6.2600000000000000e+02,1.3685667153068714e+07
1.0000000000000000e+00,6.2700000000000000e+02,1.3685668153068714e+07
1.0000000000000000e+00,6.2800000000000000e+02,1.3685669153068714e+07
1.0000000000000000e+00,6.2900000000000000e+02,1.3685670153068714e+07
1.0000000000000000e+00,6.3000000000000000e+02,1.3685671153068714e+07
1.0000000000000000e+00,6.3100000000000000e+02,1.3685672153068714e+07
1.0000000000000000e+00,6.3200000000000000e+02,1.3685673153068714e+07
1.0000000000000000e+00,6.3300000000000000e+02,1.3685674153068714e+07
1.0000000000000000e+00,6.3400000000000000e+02,1.3685675153068714e+07
1.0000000000000000e+00,6.3500000000000000e+02,1.3685676153068714e+07
1.0000000000000000e+00,6.3600000000000000e+02,1.3685677153068714e+07
1.0000000000000000e+00,6.3700000000000000e+02,1.3685678153068714e+07
1.0000000000000000e+00,6.3800000000000000e+02,1.3685679153068714e+07
1.0000000000000000e+00,6.3900000000000000e+02,1.3685680153068714e+07
1.0000000000000000e+00,6.4000000000000000e+02,1.3685681153068714e+07
1.0000000000000000e+00,6.4100000000000000e+02,1.3685682153068714e+07
1.0000000000000000e+00,6.4200000000000000e+02,1.3685683153068714e+07
1.0000000000000000e+00,6.4300000000000000e+02,1.3685684153068714e+07
1.0000000000000000e+00,6.4400000000000000e+02,1.3685685153068714e+07
1.0000000000000000e+00,6.4500000000000000e+02,1.3685686153068714e+07
1.0000000000000000e+00,6.4600000000000000e+02,1.3685687153068714e+07
1.0000000000000000e+00,6.4700000000000000e+02,1.3685688153068714e+07
1.0000000000000000e+00,6.4800000000000000e+02,1.3685689153068714e+07
1.0000000000000000e+00,6.4900000000000000e+02,1.3685690153068714e+07
1.0000000000000000e+00,6.5000000000000000e+02,1.3685691153068714e+07
1.0000000000000000e+00,6.5100000000000000e+02,1.3685692153068714e+07
1.0000000000000000e+00,6.5200000000000000e+02,1.3685693153068714e+07
1.0000000000000000e+00,6.5300000000000000e+02,1.3685694153068714e+07
1.0000000000000000e+00,6.5400000000000000e+02,1.3685695153068714e+07
1.0000000000000000e+00,6.5500000000000000e+02,1.3685696153068714e+07
1.0000000000000000e+00,6.5600000000000000e+02,1.3685697153068714e+07
1.0000000000000000e+00,6.5700000000000000e+02,1.3685698153068714e+07
1.0000000000000000e+00,6.5800000000000000e+02,1.3685699153068714e+07
1.0000000000000000e+00,6.5900000000000000e+02,1.3685700153068714e+07
1.0000000000000000e+00,6.6000000000000000e+02,1.3685701153068714e+07
1.0000000000000000e+00,6.6100000000000000e+02,1.3685702153068714e+07
1.0000000000000000e+00,6.6200000000000000e+02,1.3685703153068714e+07
1.0000000000000000e+00,6.6300000000000000e+02,1.3685704153068714e+07
1.0000000000000000e+00,6.6400000000000000e+02,1.3685705153068714e+07
1.0000000000000000e+00,6.6500000000000000e+02,1.3685706153068714e+07
1.0000000000000000e+00,6.6600000000000000e+02,1.3685707153068714e+07
1.0000000000000000e+00,6.6700000000000000e+02,1.3685708153068714e+07
1.0000000000000000e+00,6.6800000000000000e+02,1.3685709153068714e+07
1.0000000000000000e+00,6.6900000000000000e+02,1.3685710153068714e+07
1.0000000000000000e+00,6.7000000000000000e+02,1.3685711153068714e+07
1.0000000000000000e+00,6.7100000000000000e+02,1.3685712153068714e+07
1.0000000000000000e+00,6.7200000000000000e+02,1.3685713153068714e+07
1.0000000000000000e+00,6.7300000000000000e+02,1.3685714153068714e+07
1.0000000000000000e+00,6.7400000000000000e+02,1.3685715153068714e+07
1.0000000000000000e+00,6.7500000000000000e+02,1.3685716153068714e+07
1.0000000000000000e+00,6.7600000000000000e+02,1.3685717153068714e+07
1.0000000000000000e+00,6.7700000000000000e+02,1.3685718153068714e+07
1.0000000000000000e+00,6.7800000000000000e+02,1.3685719153068714e+07
1.0000000000000000e+00,6.7900000000000000e+02,1.3685720153068714e+07
1.0000000000000000e+00,6.8000000000000000e+02,1.3685721153068714e+07
1.0000000000000000e+00,6.8100000000000000e+02,1.3685722153068714e+07
1.0000000000000000e+00,6.8200000000000000e+02,1.3685723153068714e+07
1.0000000000000000e+00,6.8300000000000000e+02,1.3685724153068714e+07
1.0000000000000000e+00,6.8400000000000000e+02,1.3685725153068714e+07
1.0000000000000000e+00,6.8500000000000000e+02,1.3685726153068714e+07
1.0000000000000000e+00,6.8600000000000000e+02,1.3685727153068714e+07
1.0000000000000000e+00,6.8700000000000000e+02,1.3685728153068714e+07
1.0000000000000000e+00,6.8800000000000000e+02,1.3685729153068714e+07
1.0000000000000000e+00,6.8900000000000000e+02,1.3685730153068714e+07
1.0000000000000000e+00,6.9000000000000000e+02,1.3685731153068714e+07
1.0000000000000000e+00,6.9100000000000000e+02,1.3685732153068714e+07
1.0000000000000000e+00,6.9200000000000000e+02,1.3685733153068714e+07
1.0000000000000000e+00,6.9300000000000000e+02,1.3685734153068714e+07
1.0000000000000000e+00,6.9400000000000000e+02,1.3685735153068714e+07
1.0000000000000000e+00,6.9500000000000000e+02,1.3685736153068714e+07
1.0000000000000000e+00,6.9600000000000000e+02,1.3685737153068714e+07
1.0000000000000000e+00,6.9700000000000000e+02,1.3685738153068714e+07
1.0000000000000000e+00,6.9800000000000000e+02,1.3685739153068714e+07
1.0000000000000000e+00,6.9900000000000000e+02,1.3685740153068714e+07
1.0000000000000000e+00,7.0000000000000000e+02,1.3685741153068714e+07
1.0000000000000000e+00,7.0100000000000000e+02,1.3685742153068714e+07
1.0000000000000000e+00,7.0200000000000000e+02,1.3685743153068714e+07
1.0000000000000000e+00,7.0300000000000000e+02,1.3685744153068714e+07
1.0000000000000000e+00,7.0400000000000000e+02,1.3685745153068714e+07
1.0000000000000000e+00,7.0500000000000000e+02,1.3685746153068714e+07
1.0000000000000000e+00,7.0600000000000000e+02,1.3685747153068714e+07
1.0000000000000000e+00,7.0700000000000000e+02,1.3685748153068714e+07
1.0000000000000000e+00,7.0800000000000000e+02,1.3685749153068714e+07
1.0000000000000000e+00,7.0900000000000000e+02,1.3685750153068714e+07
1.0000000000000000e+00,7.1000000000000000e+02,1.3685751153068714e+07
1.0000000000000000e+00,7.1100000000000000e+02,1.3685752153068714e+07
1.0000000000000000e+00,7.1200000000000000e+02,1.3685753153068714e+07
1.0000000000000000e+00,7.1300000000000000e+02,1.3685754153068714e+07
1.0000000000000000e+00,7.1400000000000000e+02,1.3685755153068714e+07
1.0000000000000000e+00,7.1500000000000000e+02,1.3685756153068714e+07
1.0000000000000000e+00,7.1600000000000000e+02,1.3685757153068714e+07
1.0000000000000000e+00,7.1700000000000000e+02,1.3685758153068714e+07
1.0000000000000000e+00,7.1800000000000000e+02,1.3685759153068714e+07
1.0000000000000000e+00,7.1900000000000000e+02,1.3685760153068714e+07
1.0000000000000000e+00,7.2000000000000000e+02,1.3685761153068714e+07
1.0000000000000000e+00,7.2100000000000000e+02,1.3685762153068714e+07
1.0000000000000000e+00,7.2200000000000000e+02,1.3685763153068714e+07
1.0000000000000000e+00,7.2300000000000000e+02,1.3685764153068714e+07
1.0000000000000000e+00,7.2400000000000000e+02,1.3685765153068714e+07
1.0000000000000000e+00,7.2500000000000000e+02,1.3685766153068714e+07
1.0000000000000000e+00,7.2600000000000000e+02,1.3685767153068714e+07
1.0000000000000000e+00,7.2700000000000000e+02,1.3685768153068714e+07
1.0000000000000000e+00,7.2800000000000000e+02,1.3685769153068714e+07
1.0000000000000000e+00,7.2900000000000000e+02,1.3685770153068714e+07
1.0000000000000000e+00,7.3000000000000000e+02,1.3685771153068714e+07
1.0000000000000000e+00,7.3100000000000000e+02,1.3685772153068714e+07
1.0000000000000000e+00,7.3200000000000000e+02,1.3685773153068714e+07
1.0000000000000000e+00,7.3300000000000000e+02,1.3685774153068714e+07
1.0000000000000000e+00,7.3400000000000000e+02,1.3685775153068714e+07
1.0000000000000000e+00,7.3500000000000000e+02,1.3685776153068714e+07
1.0000000000000000e+00,7.3600000000000000e+02,1.3685777153068714e+07
1.0000000000000000e+00,7.3700000000000000e+02,1.3685778153068714e+07
1.0000000000000000e+00,7.3800000000000000e+02,1.3685779153068714e+07
1.0000000000000000e+00,7.3900000000000000e+02,1.3685780153068714e+07
1.0000000000000000e+00,7.4000000000000000e+02,1.3685781153068714e+07
1.0000000000000000e+00,7.4100000000000000e+02,1.3685782153068714e+07
1.0000000000000000e+00,7.4200000000000000e+02,1.3685783153068714e+07
1.0000000000000000e+00,7.4300000000000000e+02,1.3685784153068714e+07
1.0000000000000000e+00,7.4400000000000000e+02,1.3685785153068714e+07
1.0000000000000000e+00,7.4500000000000000e+02,1.3685786153068714e+07
1.0000000000000000e+00,7.4600000000000000e+02,1.3685787153068714e+07
1.0000000000000000e+00,7.4700000000000000e+02,1.3685788153068714e+07
1.0000000000000000e+00,7.4800000000000000e+02,1.3685789153068714e+07
1.0000000000000000e+00,7.4900000000000000e+02,1.3685790153068714e+07
1.0000000000000000e+00,7.5000000000000000e+02,1.3685791153068714e+07
1.0000000000000000e+00,7.5100000000000000e+02,1.3685792153068714e+07
1.0000000000000000e+00,7.5200000000000000e+02,1.3685793153068714e+07
1.0000000000000000e+00,7.5300000000000000e+02,1.3685794153068714e+07
1.0000000000000000e+00,7.5400000000000000e+02,1.3685795153068714e+07
1.0000000000000000e+00,7.5500000000000000e+02,1.3685796153068714e+07
1.0000000000000000e+00,7.5600000000000000e+02,1.3685797153068714e+07
1.0000000000000000e+00,7.5700000000000000e+02,1.3685798153068714e+07
1.0000000000000000e+00,7.5800000000000000e+02,1.3685799153068714e+07
1.0000000000000000e+00,7.5900000000000000e+02,1.3685800153068714e+07
1.0000000000000000e+00,7.6000000000000000e+02,1.3685801153068714e+07
1.0000000000000000e+00,7.6100000000000000e+02,1.3685802153068714e+07
1.0000000000000000e+00,7.6200000000000000e+02,1.3685803153068714e+07
1.0000000000000000e+00,7.6300000000000000e+02,1.3685804153068714e+07
1.0000000000000000e+00,7.6400000000000000e+02,1.3685805153068714e+07
1.0000000000000000e+00,7.6500000000000000e+02,1.3685806153068714e+07
1.0000000000000000e+00,7.6600000000000000e+02,1.3685807153068714e+07
1.0000000000000000e+00,7.6700000000000000e+02,1.3685808153068714e+07
1.0000000000000000e+00,7.6800000000000000e+02,1.3685809153068714e+07
1.0000000000000000e+00,7.6900000000000000e+02,1.3685810153068714e+07
1.0000000000000000e+00,7.7000000000000000e+02,1.3685811153068714e+07
1.0000000000000000e+00,7.7100000000000000e+02,1.3685812153068714e+07
1.0000000000000000e+00,7.7200000000000000e+02,1.3685813153068714e+07
1.0000000000000000e+00,7.7300000000000000e+02,1.3685814153068714e+07
1.0000000000000000e+00,7.7400000000000000e+02,1.3685815153068714e+07
1.0000000000000000e+00,7.7500000000000000e+02,1.3685816153068714e+07
1.0000000000000000e+00,7.7600000000000000e+02,1.3685817153068714e+07
1.0000000000000000e+00,7.7700000000000000e+02,1.3685818153068714e+07
1.0000000000000000e+00,7.7800000000000000e+02,1.3685819153068714e+07
1.0000000000000000e+00,7.7900000000000000e+02,1.3685820153068714e+07
1.0000000000000000e+00,7.8000000000000000e+02,1.3685821153068714e+07
1.0000000000000000e+00,7.8100000000000000e+02,1.3685822153068714e+07
1.0000000000000000e+00,7.8200000000000000e+02,1.3685823153068714e+07
1.0000000000000000e+00,7.8300000000000000e+02,1.3685824153068714e+07
1.0000000000000000e+00,7.8400000000000000e+02,1.3685825153068714e+07
1.0000000000000000e+00,7.8500000000000000e+02,1.3685826153068714e+07
1.0000000000000000e+00,7.8600000000000000e+02,1.3685827153068714e+07
1.0000000000000000e+00,7.8700000000000000e+02,1.3685828153068714e+07
1.0000000000000000e+00,7.8800000000000000e+02,1.3685829153068714e+07
1.0000000000000000e+00,7.8900000000000000e+02,1.3685830153068714e+07
1.0000000000000000e+00,7.9000000000000000e+02,1.3685831153068714e+07
1.0000000000000000e+00,7.9100000000000000e+02,1.3685832153068714e+07
1.0000000000000000e+00,7.9200000000000000e+02,1.3685833153068714e+07
1.0000000000000000e+00,7.9300000000000000e+02,1.3685834153068714e+07
1.0000000000000000e+00,7.9400000000000000e+02,1.3685835153068714e+07
1.0000000000000000e+00,7.9500000000000000e+02,1.3685836153068714e+07
1.0000000000000000e+00,7.9600000000000000e+02,1.3685837153068714e+07
1.0000000000000000e+00,7.9700000000000000e+02,1.3685838153068714e+07
1.0000000000000000e+00,7.9800000000000000e+02,1.3685839153068714e+07
1.0000000000000000e+00,7.9900000000000000e+02,1.3685840153068714e+07
1.0000000000000000e+00,8.0000000000000000e+02,1.3685841153068714e+07
1.0000000000000000e+00,8.0100000000000000e+02,1.3685842153068714e+07
1.0000000000000000e+00,8.0200000000000000e+02,1.3685843153068714e+07
1.0000000000000000e+00,8.0300000000000000e+02,1.3685844153068714e+07
1.0000000000000000e+00,8.0400000000000000e+02,1.3685845153068714e+07
1.0000000000000000e+00,8.0500000000000000e+02,1.3685846153068714e+07
1.0000000000000000e+00,8.0600000000000000e+02,1.3685847153068714e+07
1.0000000000000000e+00,8.0700000000000000e+02,1.3685848153068714e+07
1.0000000000000000e+00,8.0800000000000000e+02,1.3685849153068714e+07
1.0000000000000000e+00,8.0900000000000000e+02,1.3685850153068714e+07
1.0000000000000000e+00,8.1000000000000000e+02,1.3685851153068714e+07
1.0000000000000000e+00,8.1100000000000000e+02,1.3685852153068714e+07
1.0000000000000000e+00,8.1200000000000000e+02,1.3685853153068714e+07
1.0000000000000000e+00,8.1300000000000000e+02,1.3685854153068714e+07
1.0000000000000000e+00,8.1400000000000000e+02,1.3685855153068714e+07
1.0000000000000000e+00,8.1500000000000000e+02,1.3685856153068714e+07
1.0000000000000000e+00,8.1600000000000000e+02,1.3685857153068714e+07
1.0000000000000000e+00,8.1700000000000000e+02,1.3685858153068714e+07
1.0000000000000000e+00,8.1800000000000000e+02,1.3685859153068714e+07
1.0000000000000000e+00,8.1900000000000000e+02,1.3685860153068714e+07
1.0000000000000000e+00,8.2000000000000000e+02,1.3685861153068714e+07
1.0000000000000000e+00,8.2100000000000000e+02,1.3685862153068714e+07
1.0000000000000000e+00,8.2200000000000000e+02,1.3685863153068714e+07
1.0000000000000000e+00,8.2300000000000000e+02,1.3685864153068714e+07
1.0000000000000000e+00,8.2400000000000000e+02,1.3685865153068714e+07
1.0000000000000000e+00,8.2500000000000000e+02,1.3685866153068714e+07
1.0000000000000000e+00,8.2600000000000000e+02,1.3685867153068714e+07
1.0000000000000000e+00,8.2700000000000000e+02,1.3685868153068714e+07
1.0000000000000000e+00,8.2800000000000000e+02,1.3685869153068714e+07
1.0000000000000000e+00,8.2900000000000000e+02,1.3685870153068714e+07
1.0000000000000000e+00,8.3000000000000000e+02,1.3685871153068714e+07
1.0000000000000000e+00,8.3100000000000000e+02,1.3685872153068714e+07
1.0000000000000000e+00,8.3200000000000000e+02,1.3685873153068714e+07
1.0000000000000000e+00,8.3300000000000000e+02,1.3685874153068714e+07
1.0000000000000000e+00,8.3400000000000000e+02,1.3685875153068714e+07
1.0000000000000000e+00,8.3500000000000000e+02,1.3685876153068714e+07
1.0000000000000000e+00,8.3600000000000000e+02,1.3685877153068714e+07
1.0000000000000000e+00,8.3700000000000000e+02,1.3685878153068714e+07
1.0000000000000000e+00,8.3800000000000000e+02,1.3685879153068714e+07
1.0000000000000000e+00,8.3900000000000000e+02,1.3685880153068714e+07
1.0000000000000000e+00,8.4000000000000000e+02,1.3685881153068714e+07
1.0000000000000000e+00,8.4100000000000000e+02,1.3685882153068714e+07
1.0000000000000000e+00,8.4200000000000000e+02,1.3685883153068714e+07
1.0000000000000000e+00,8.4300000000000000e+02,1.3685884153068714e+07
1.0000000000000000e+00,8.4400000000000000e+02,1.3685885153068714e+07
1.0000000000000000e+00,8.4500000000000000e+02,1.3685886153068714e+07
1.0000000000000000e+00,8.4600000000000000e+02,1.3685887153068714e+07
1.0000000000000000e+00,8.4700000000000000e+02,1.3685888153068714e+07
1.0000000000000000e+00,8.4800000000000000e+02,1.3685889153068714e+07
1.0000000000000000e+00,8.4900000000000000e+02,1.3685890153068714e+07
1.0000000000000000e+00,8.5000000000000000e+02,1.3685891153068714e+07
1.0000000000000000e+00,8.5100000000000000e+02,1.3685892153068714e+07
1.0000000000000000e+00,8.5200000000000000e+02,1.3685893153068714e+07
1.0000000000000000e+00,8.5300000000000000e+02,1.3685894153068714e+07
1.0000000000000000e+00,8.5400000000000000e+02,1.3685895153068714e+07
1.0000000000000000e+00,8.5500000000000000e+02,1.3685896153068714e+07
1.0000000000000000e+00,8.5600000000000000e+02,1.3685897153068714e+07
1.0000000000000000e+00,8.5700000000000000e+02,1.3685898153068714e+07
1.0000000000000000e+00,8.5800000000000000e+02,1.3685899153068714e+07
1.0000000000000000e+00,8.5900000000000000e+02,1.3685900153068714e+07
1.0000000000000000e+00,8.6000000000000000e+02,1.3685901153068714e+07
1.0000000000000000e+00,8.6100000000000000e+02,1.3685902153068714e+07
1.0000000000000000e+00,8.6200000000000000e+02,1.3685903153068714e+07
1.0000000000000000e+00,8.6300000000000000e+02,1.3685904153068714e+07
1.0000000000000000e+00,8.6400000000000000e+02,1.3685905153068714e+07
1.0000000000000000e+00,8.6500000000000000e+02,1.3685906153068714e+07
1.0000000000000000e+00,8.6600000000000000e+02,1.3685907153068714e+07
1.0000000000000000e+00,8.6700000000000000e+02,1.3685908153068714e+07
1.0000000000000000e+00,8.6800000000000000e+02,1.3685909153068714e+07
1.0000000000000000e+00,8.6900000000000000e+02,1.3685910153068714e+07
1.0000000000000000e+00,8.7000000000000000e+02,1.3685911153068714e+07
1.0000000000000000e+00,8.7100000000000000e+02,1.3685912153068714e+07
1.0000000000000000e+00,8.7200000000000000e+02,1.3685913153068714e+07
1.0000000000000000e+00,8.7300000000000000e+02,1.3685914153068714e+07
1.0000000000000000e+00,8.7400000000000000e+02,1.3685915153068714e+07
1.0000000000000000e+00,8.7500000000000000e+02,1.3685916153068714e+07
1.0000000000000000e+00,8.7600000000000000e+02,1.3685917153068714e+07
1.0000000000000000e+00,8.7700000000000000e+02,1.3685918153068714e+07
1.0000000000000000e+00,8.7800000000000000e+02,1.3685919153068714e+07
1.0000000000000000e+00,8.7900000000000000e+02,1.3685920153068714e+07
1.0000000000000000e+00,8.8000000000000000e+02,1.3685921153068714e+07
1.0000000000000000e+00,8.8100000000000000e+02,1.3685922153068714e+07
1.0000000000000000e+00,8.8200000000000000e+02,1.3685923153068714e+07
1.0000000000000000e+00,8.8300000000000000e+02,1.3685924153068714e+07
1.0000000000000000e+00,8.8400000000000000e+02,1.3685925153068714e+07
1.0000000000000000e+00,8.8500000000000000e+02,1.3685926153068714e+07
1.0000000000000000e+00,8.8600000000000000e+02,1.3685927153068714e+07
1.0000000000000000e+00,8.8700000000000000e+02,1.3685928153068714e+07
1.0000000000000000e+00,8.8800000000000000e+02,1.3685929153068714e+07
1.0000000000000000e+00,8.8900000000000000e+02,1.3685930153068714e+07
1.0000000000000000e+00,8.9000000000000000e+02,1.3685931153068714e+07
1.0000000000000000e+00,8.9100000000000000e+02,1.3685932153068714e+07
1.0000000000000000e+00,8.9200000000000000e+02,1.3685933153068714e+07
1.0000000000000000e+00,8.9300000000000000e+02,1.3685934153068714e+07
1.0000000000000000e+00,8.9400000000000000e+02,1.3685935153068714e+07
1.0000000000000000e+00,8.9500000000000000e+02,1.3685936153068714e+07
1.0000000000000000e+00,8.9600000000000000e+02,1.3685937153068714e+07
1.0000000000000000e+00,8.9700000000000000e+02,1.3685938153068714e+07
1.0000000000000000e+00,8.9800000000000000e+02,1.3685939153068714e+07
1.0000000000000000e+00,8.9900000000000000e+02,1.3685940153068714e+07
1.0000000000000000e+00,9.0000000000000000e+02,1.3685941153068714e+07
1.0000000000000000e+00,9.0100000000000000e+02,1.3685942153068714e+07
1.0000000000000000e+00,9.0200000000000000e+02,1.3685943153068714e+07
1.0000000000000000e+00,9.0300000000000000e+02,1.3685944153068714e+07
1.0000000000000000e+00,9.0400000000000000e+02,1.3685945153068714e+07
1.0000000000000000e+00,9.0500000000000000e+02,1.3685946153068714e+07
1.0000000000000000e+00,9.0600000000000000e+02,1.3685947153068714e+07
1.0000000000000000e+00,9.0700000000000000e+02,1.3685948153068714e+07
1.0000000000000000e+00,9.0800000000000000e+02,1.3685949153068714e+07
1.0000000000000000e+00,9.0900000000000000e+02,1.3685950153068714e+07
1.0000000000000000e+00,9.1000000000000000e+02,1.3685951153068714e+07
1.0000000000000000e+00,9.1100000000000000e+02,1.3685952153068714e+07
1.0000000000000000e+00,9.1200000000000000e+02,1.3685953153068714e+07
1.0000000000000000e+00,9.1300000000000000e+02,1.3685954153068714e+07
1.0000000000000000e+00,9.1400000000000000e+02,1.3685955153068714e+07
1.0000000000000000e+00,9.1500000000000000e+02,1.3685956153068714e+07
1.0000000000000000e+00,9.1600000000000000e+02,1.3685957153068714e+07
1.0000000000000000e+00,9.1700000000000000e+02,1.3685958153068714e+07
1.0000000000000000e+00,9.1800000000000000e+02,1.3685959153068714e+07
1.0000000000000000e+00,9.1900000000000000e+02,1.3685960153068714e+07
1.0000000000000000e+00,9.2000000000000000e+02,1.3685961153068714e+07
1.0000000000000000e+00,9.2100000000000000e+02,1.3685962153068714e+07
1.0000000000000000e+00,9.2200000000000000e+02,1.3685963153068714e+07
1.0000000000000000e+00,9.2300000000000000e+02,1.3685964153068714e+07
1.0000000000000000e+00,9.2400000000000000e+02,1.3685965153068714e+07
1.0000000000000000e+00,9.2500000000000000e+02,1.3685966153068714e+07
1.0000000000000000e+00,9.2600000000000000e+02,1.3685967153068714e+07
1.0000000000000000e+00,9.2700000000000000e+02,1.3685968153068714e+07
1.0000000000000000e+00,9.2800000000000000e+02,1.3685969153068714e+07
1.0000000000000000e+00,9.2900000000000000e+02,1.3685970153068714e+07
1.0000000000000000e+00,9.3000000000000000e+02,1.3685971153068714e+07
1.0000000000000000e+00,9.3100000000000000e+02,1.3685972153068714e+07
1.0000000000000000e+00,9.3200000000000000e+02,1.3685973153068714e+07
1.0000000000000000e+00,9.3300000000000000e+02,1.3685974153068714e+07
1.0000000000000000e+00,9.3400000000000000e+02,1.3685975153068714e+07
1.0000000000000000e+00,9.3500000000000000e+02,1.3685976153068714e+07
1.0000000000000000e+00,9.3600000000000000e+02,1.3685977153068714e+07
1.0000000000000000e+00,9.3700000000000000e+02,1.3685978153068714e+07
1.0000000000000000e+00,9.3800000000000000e+02,1.3685979153068714e+07
1.0000000000000000e+00,9.3900000000000000e+02,1.3685980153068714e+07
1.0000000000000000e+00,9.4000000000000000e+02,1.3685981153068714e+07
1.0000000000000000e+00,9.4100000000000000e+02,1.3685982153068714e+07
1.0000000000000000e+00,9.4200000000000000e+02,1.3685983153068714e+07
1.0000000000000000e+00,9.4300000000000000e+02,1.3685984153068714e+07
1.0000000000000000e+00,9.4400000000000000e+02,1.3685985153068714e+07
1.0000000000000000e+00,9.4500000000000000e+02,1.3685986153068714e+07
1.0000000000000000e+00,9.4600000000000000e+02,1.3685987153068714e+07
1.0000000000000000e+00,9.4700000000000000e+02,1.3685988153068714e+07
1.0000000000000000e+00,9.4800000000000000e+02,1.3685989153068714e+07
1.0000000000000000e+00,9.4900000000000000e+02,1.3685990153068714e+07
1.0000000000000000e+00,9.5000000000000000e+02,1.3685991153068714e+07
1.0000000000000000e+00,9.5100000000000000e+02,1.3685992153068714e+07
1.0000000000000000e+00,9.5200000000000000e+02,1.3685993153068714e+07
1.0000000000000000e+00,9.5300000000000000e+02,1.3685994153068714e+07
1.0000000000000000e+00,9.5400000000000000e+02,1.3685995153068714e+07
1.0000000000000000e+00,9.5500000000000000e+02,1.3685996153068714e+07
1.0000000000000000e+00,9.5600000000000000e+02,1.3685997153068714e+07
1.0000000000000000e+00,9.5700000000000000e+02,1.3685998153068714e+07
1.0000000000000000e+00,9.5800000000000000e+02,1.3685999153068714e+07
1.0000000000000000e+00,9.5900000000000000e+02,1.3686000153068714e+07
1.0000000000000000e+00,9.6000000000000000e+02,1.3686001153068714e+07
1.0000000000000000e+00,9.6100000000000000e+02,1.3686002153068714e+07
1.0000000000000000e+00,9.6200000000000000e+02,1.3686003153068714e+07
1.0000000000000000e+00,9.6300000000000000e+02,1.3686004153068714e+07
1.0000000000000000e+00,9.6400000000000000e+02,1.3686005153068714e+07
1.0000000000000000e+00,9.6500000000000000e+02,1.3686006153068714e+07
1.0000000000000000e+00,9.6600000000000000e+02,1.3686007153068714e+07
1.0000000000000000e+00,9.6700000000000000e+02,1.3686008153068714e+07
1.0000000000000000e+00,9.6800000000000000e+02,1.3686009153068714e+07
1.0000000000000000e+00,9.6900000000000000e+02,1.3686010153068714e+07
1.0000000000000000e+00,9.7000000000000000e+02,1.3686011153068714e+07
1.0000000000000000e+00,9.7100000000000000e+02,1.3686012153068714e+07
1.0000000000000000e+00,9.7200000000000000e+02,1.3686013153068714e+07
1.0000000000000000e+00,9.7300000000000000e+02,1.3686014153068714e+07
1.0000000000000000e+00,9.7400000000000000e+02,1.3686015153068714e+07
1.0000000000000000e+00,9.7500000000000000e+02,1.3686016153068714e+07
1.0000000000000000e+00,9.7600000000000000e+02,1.3686017153068714e+07
1.0000000000000000e+00,9.7700000000000000e+02,1.3686018153068714e+07
1.0000000000000000e+00,9.7800000000000000e+02,1.3686019153068714e+07
1.0000000000000000e+00,9.7900000000000000e+02,1.3686020153068714e+07
1.0000000000000000e+00,9.8000000000000000e+02,1.3686021153068714e+07
1.0000000000000000e+00,9.8100000000000000e+02,1.3686022153068714e+07
1.0000000000000000e+00,9.8200000000000000e+02,1.3686023153068714e+07
1.0000000000000000e+00,9.8300000000000000e+02,1.3686024153068714e+07
1.0000000000000000e+00,9.8400000000000000e+02,1.3686025153068714e+07
1.0000000000000000e+00,9.8500000000000000e+02,1.3686026153068714e+07
1.0000000000000000e+00,9.8600000000000000e+02,1.3686027153068714e+07
1.0000000000000000e+00,9.8700000000000000e+02,1.3686028153068714e+07
1.0000000000000000e+00,9.8800000000000000e+02,1.3686029153068714e+07
1.0000000000000000e+00,9.8900000000000000e+02,1.3686030153068714e+07
1.0000000000000000e+00,9.9000000000000000e+02,1.3686031153068714e+07
1.0000000000000000e+00,9.9100000000000000e+02,1.3686032153068714e+07
1.0000000000000000e+00,9.9200000000000000e+02,1.3686033153068714e+07
1.0000000000000000e+00,9.9300000000000000e+02,1.3686034153068714e+07
1.0000000000000000e+00,9.9400000000000000e+02,1.3686035153068714e+07
1.0000000000000000e+00,9.9500000000000000e+02,1.3686036153068714e+07
1.0000000000000000e+00,9.9600000000000000e+02,1.3686037153068714e+07
1.0000000000000000e+00,9.9700000000000000e+02,1.3686038153068714e+07
1.0000000000000000e+00,9.9800000000000000e+02,1.3686039153068714e+07
1.0000000000000000e+00,9.9900000000000000e+02,1.3686040153068714e+07
1.0000000000000000e+00,1.0000000000000000e+03,1.3686041153068714e+07
1.0000000000000000e+00,1.0010000000000000e+03,1.3686042153068714e+07
1.0000000000000000e+00,1.0020000000000000e+03,1.3686043153068714e+07
1.0000000000000000e+00,1.0030000000000000e+03,1.3686044153068714e+07
1.0000000000000000e+00,1.0040000000000000e+03,1.3686045153068714e+07
1.0000000000000000e+00,1.0050000000000000e+03,1.3686046153068714e+07
1.0000000000000000e+00,1.0060000000000000e+03,1.3686047153068714e+07
1.0000000000000000e+00,1.0070000000000000e+03,1.3686048153068714e+07
1.0000000000000000e+00,1.0080000000000000e+03,1.3686049153068714e+07
1.0000000000000000e+00,1.0090000000000000e+03,1.3686050153068714e+07
1.0000000000000000e+00,1.0100000000000000e+03,1.3686051153068714e+07
1.0000000000000000e+00,1.0110000000000000e+03,1.3686052153068714e+07
1.0000000000000000e+00,1.0120000000000000e+03,1.3686053153068714e+07
1.0000000000000000e+00,1.0130000000000000e+03,1.3686054153068714e+07
1.0000000000000000e+00,1.0140000000000000e+03,1.3686055153068714e+07
1.0000000000000000e+00,1.0150000000000000e+03,1.3686056153068714e+07
1.0000000000000000e+00,1.0160000000000000e+03,1.3686057153068714e+07
1.0000000000000000e+00,1.0170000000000000e+03,1.3686058153068714e+07
1.0000000000000000e+00,1.0180000000000000e+03,1.3686059153068714e+07
1.0000000000000000e+00,1.0190000000000000e+03,1.3686060153068714e+07
1.0000000000000000e+00,1.0200000000000000e+03,1.3686061153068714e+07
1.0000000000000000e+00,1.0210000000000000e+03,1.3686062153068714e+07
1.0000000000000000e+00,1.0220000000000000e+03,1.3686063153068714e+07
1.0000000000000000e+00,1.0230000000000000e+03,1.3686064153068714e+07
1.0000000000000000e+00,1.0240000000000000e+03,1.3686065153068714e+07
1.0000000000000000e+00,1.0250000000000000e+03,1.3686066153068714e+07
1.0000000000000000e+00,1.0260000000000000e+03,1.3686067153068714e+07
1.0000000000000000e+00,1.0270000000000000e+03,1.3686068153068714e+07
1.0000000000000000e+00,1.0280000000000000e+03,1.3686069153068714e+07
1.0000000000000000e+00,1.0290000000000000e+03,1.3686070153068714e+07
1.0000000000000000e+00,1.0300000000000000e+03,1.3686071153068714e+07
1.0000000000000000e+00,1.0310000000000000e+03,1.3686072153068714e+07
1.0000000000000000e+00,1.0320000000000000e+03,1.3686073153068714e+07
1.0000000000000000e+00,1.0330000000000000e+03,1.3686074153068714e+07
1.0000000000000000e+00,1.0340000000000000e+03,1.3686075153068714e+07
1.0000000000000000e+00,1.0350000000000000e+03,1.3686076153068714e+07
1.0000000000000000e+00,1.0360000000000000e+03,1.3686077153068714e+07
1.0000000000000000e+00,1.0370000000000000e+03,1.3686078153068714e+07
1.0000000000000000e+00,1.0380000000000000e+03,1.3686079153068714e+07
1.0000000000000000e+00,1.0390000000000000e+03,1.3686080153068714e+07
1.0000000000000000e+00,1.0400000000000000e+03,1.3686081153068714e+07
1.0000000000000000e+00,1.0410000000000000e+03,1.3686082153068714e+07
1.0000000000000000e+00,1.0420000000000000e+03,1.3686083153068714e+07
1.0000000000000000e+00,1.0430000000000000e+03,1.3686084153068714e+07
1.0000000000000000e+00,1.0440000000000000e+03,1.3686085153068714e+07
1.0000000000000000e+00,1.0450000000000000e+03,1.3686086153068714e+07
1.0000000000000000e+00,1.0460000000000000e+03,1.3686087153068714e+07
1.0000000000000000e+00,1.0470000000000000e+03,1.3686088153068714e+07
1.0000000000000000e+00,1.0480000000000000e+03,1.3686089153068714e+07
1.0000000000000000e+00,1.0490000000000000e+03,1.3686090153068714e+07
1.0000000000000000e+00,1.0500000000000000e+03,1.3686091153068714e+07
1.0000000000000000e+00,1.0510000000000000e+03,1.3686092153068714e+07
1.0000000000000000e+00,1.0520000000000000e+03,1.3686093153068714e+07
1.0000000000000000e+00,1.0530000000000000e+03,1.3686094153068714e+07
1.0000000000000000e+00,1.0540000000000000e+03,1.3686095153068714e+07
1.0000000000000000e+00,1.0550000000000000e+03,1.3686096153068714e+07
1.0000000000000000e+00,1.0560000000000000e+03,1.3686097153068714e+07
1.0000000000000000e+00,1.0570000000000000e+03,1.3686098153068714e+07
1.0000000000000000e+00,1.0580000000000000e+03,1.3686099153068714e+07
1.0000000000000000e+00,1.0590000000000000e+03,1.3686100153068714e+07
1.0000000000000000e+00,1.0600000000000000e+03,1.3686101153068714e+07
1.0000000000000000e+00,1.0610000000000000e+03,1.3686102153068714e+07
1.0000000000000000e+00,1.0620000000000000e+03,1.3686103153068714e+07
1.0000000000000000e+00,1.0630000000000000e+03,1.3686104153068714e+07
1.0000000000000000e+00,1.0640000000000000e+03,1.3686105153068714e+07
1.0000000000000000e+00,1.0650000000000000e+03,1.3686106153068714e+07
1.0000000000000000e+00,1.0660000000000000e+03,1.3686107153068714e+07
1.0000000000000000e+00,1.0670000000000000e+03,1.3686108153068714e+07
1.0000000000000000e+00,1.0680000000000000e+03,1.3686109153068714e+07
1.0000000000000000e+00,1.0690000000000000e+03,1.3686110153068714e+07
1.0000000000000000e+00,1.0700000000000000e+03,1.3686111153068714e+07
1.0000000000000000e+00,1.0710000000000000e+03,1.3686112153068714e+07
1.0000000000000000e+00,1.0720000000000000e+03,1.3686113153068714e+07
1.0000000000000000e+00,1.0730000000000000e+03,1.3686114153068714e+07
1.0000000000000000e+00,1.0740000000000000e+03,1.3686115153068714e+07
1.0000000000000000e+00,1.0750000000000000e+03,1.3686116153068714e+07
1.0000000000000000e+00,1.0760000000000000e+03,1.3686117153068714e+07
1.0000000000000000e+00,1.0770000000000000e+03,1.3686118153068714e+07
1.0000000000000000e+00,1.0780000000000000e+03,1.3686119153068714e+07
1.0000000000000000e+00,1.0790000000000000e+03,1.3686120153068714e+07
1.0000000000000000e+00,1.0800000000000000e+03,1.3686121153068714e+07
1.0000000000000000e+00,1.0810000000000000e+03,1.3686122153068714e+07
1.0000000000000000e+00,1.0820000000000000e+03,1.3686123153068714e+07
1.0000000000000000e+00,1.0830000000000000e+03,1.3686124153068714e+07
1.0000000000000000e+00,1.0840000000000000e+03,1.3686125153068714e+07
1.0000000000000000e+00,1.0850000000000000e+03,1.3686126153068714e+07
1.0000000000000000e+00,1.0860000000000000e+03,1.3686127153068714e+07
1.0000000000000000e+00,1.0870000000000000e+03,1.3686128153068714e+07
1.0000000000000000e+00,1.0880000000000000e+03,1.3686129153068714e+07
1.0000000000000000e+00,1.0890000000000000e+03,1.3686130153068714e+07
1.0000000000000000e+00,1.0900000000000000e+03,1.3686131153068714e+07
1.0000000000000000e+00,1.0910000000000000e+03,1.3686132153068714e+07
1.0000000000000000e+00,1.0920000000000000e+03,1.3686133153068714e+07
1.0000000000000000e+00,1.0930000000000000e+03,1.3686134153068714e+07
1.0000000000000000e+00,1.0940000000000000e+03,1.3686135153068714e+07
1.0000000000000000e+00,1.0950000000000000e+03,1.3686136153068714e+07
1.0000000000000000e+00,1.0960000000000000e+03,1.3686137153068714e+07
1.0000000000000000e+00,1.0970000000000000e+03,1.3686138153068714e+07
1.0000000000000000e+00,1.0980000000000000e+03,1.3686139153068714e+07
1.0000000000000000e+00,1.0990000000000000e+03,1.3686140153068714e+07
1.0000000000000000e+00,1.1000000000000000e+03,1.3686141153068714e+07
1.0000000000000000e+00,1.1010000000000000e+03,1.3686142153068714e+07
1.0000000000000000e+00,1.1020000000000000e+03,1.3686143153068714e+07
1.0000000000000000e+00,1.1030000000000000e+03,1.3686144153068714e+07
1.0000000000000000e+00,1.1040000000000000e+03,1.3686145153068714e+07
1.0000000000000000e+00,1.1050000000000000e+03,1.3686146153068714e+07
1.0000000000000000e+00,1.1060000000000000e+03,1.3686147153068714e+07
1.0000000000000000e+00,1.1070000000000000e+03,1.3686148153068714e+07
1.0000000000000000e+00,1.1080000000000000e+03,1.3686149153068714e+07
1.0000000000000000e+00,1.1090000000000000e+03,1.3686150153068714e+07
1.0000000000000000e+00,1.1100000000000000e+03,1.3686151153068714e+07
1.0000000000000000e+00,1.1110000000000000e+03,1.3686152153068714e+07
1.0000000000000000e+00,1.1120000000000000e+03,1.3686153153068714e+07
1.0000000000000000e+00,1.1130000000000000e+03,1.3686154153068714e+07
1.0000000000000000e+00,1.1140000000000000e+03,1.3686155153068714e+07
1.0000000000000000e+00,1.1150000000000000e+03,1.3686156153068714e+07
1.0000000000000000e+00,1.1160000000000000e+03,1.3686157153068714e+07
1.0000000000000000e+00,1.1170000000000000e+03,1.3686158153068714e+07
1.0000000000000000e+00,1.1180000000000000e+03,1.3686159153068714e+07
1.0000000000000000e+00,1.1190000000000000e+03,1.3686160153068714e+07
1.0000000000000000e+00,1.1200000000000000e+03,1.3686161153068714e+07
1.0000000000000000e+00,1.1210000000000000e+03,1.3686162153068714e+07
1.0000000000000000e+00,1.1220000000000000e+03,1.3686163153068714e+07
1.0000000000000000e+00,1.1230000000000000e+03,1.3686164153068714e+07
1.0000000000000000e+00,1.1240000000000000e+03,1.3686165153068714e+07
1.0000000000000000e+00,1.1250000000000000e+03,1.3686166153068714e+07
1.0000000000000000e+00,1.1260000000000000e+03,1.3686167153068714e+07
1.0000000000000000e+00,1.1270000000000000e+03,1.3686168153068714e+07
1.0000000000000000e+00,1.1280000000000000e+03,1.3686169153068714e+07
1.0000000000000000e+00,1.1290000000000000e+03,1.3686170153068714e+07
1.0000000000000000e+00,1.1300000000000000e+03,1.3686171153068714e+07
1.0000000000000000e+00,1.1310000000000000e+03,1.3686172153068714e+07
1.0000000000000000e+00,1.1320000000000000e+03,1.3686173153068714e+07
1.0000000000000000e+00,1.1330000000000000e+03,1.3686174153068714e+07
1.0000000000000000e+00,1.1340000000000000e+03,1.3686175153068714e+07
1.0000000000000000e+00,1.1350000000000000e+03,1.3686176153068714e+07
1.0000000000000000e+00,1.1360000000000000e+03,1.3686177153068714e+07
1.0000000000000000e+00,1.1370000000000000e+03,1.3686178153068714e+07
1.0000000000000000e+00,1.1380000000000000e+03,1.3686179153068714e+07
1.0000000000000000e+00,1.1390000000000000e+03,1.3686180153068714e+07
1.0000000000000000e+00,1.1400000000000000e+03,1.3686181153068714e+07
1.0000000000000000e+00,1.1410000000000000e+03,1.3686182153068714e+07
1.0000000000000000e+00,1.1420000000000000e+03,1.3686183153068714e+07
1.0000000000000000e+00,1.1430000000000000e+03,1.3686184153068714e+07
1.0000000000000000e+00,1.1440000000000000e+03,1.3686185153068714e+07
1.0000000000000000e+00,1.1450000000000000e+03,1.3686186153068714e+07
1.0000000000000000e+00,1.1460000000000000e+03,1.3686187153068714e+07
1.0000000000000000e+00,1.1470000000000000e+03,1.3686188153068714e+07
1.0000000000000000e+00,1.1480000000000000e+03,1.3686189153068714e+07
1.0000000000000000e+00,1.1490000000000000e+03,1.3686190153068714e+07
1.0000000000000000e+00,1.1500000000000000e+03,1.3686191153068714e+07
1.0000000000000000e+00,1.1510000000000000e+03,1.3686192153068714e+07
1.0000000000000000e+00,1.1520000000000000e+03,1.3686193153068714e+07
1.0000000000000000e+00,1.1530000000000000e+03,1.3686194153068714e+07
1.0000000000000000e+00,1.1540000000000000e+03,1.3686195153068714e+07
1.0000000000000000e+00,1.1550000000000000e+03,1.3686196153068714e+07
1.0000000000000000e+00,1.1560000000000000e+03,1.3686197153068714e+07
1.0000000000000000e+00,1.1570000000000000e+03,1.3686198153068714e+07
1.0000000000000000e+00,1.1580000000000000e+03,1.3686199153068714e+07
1.0000000000000000e+00,1.1590000000000000e+03,1.3686200153068714e+07
1.0000000000000000e+00,1.1600000000000000e+03,1.3686201153068714e+07
1.0000000000000000e+00,1.1610000000000000e+03,1.3686202153068714e+07
1.0000000000000000e+00,1.1620000000000000e+03,1.3686203153068714e+07
1.0000000000000000e+00,1.1630000000000000e+03,1.3686204153068714e+07
1.0000000000000000e+00,1.1640000000000000e+03,1.3686205153068714e+07
1.0000000000000000e+00,1.1650000000000000e+03,1.3686206153068714e+07
1.0000000000000000e+00,1.1660000000000000e+03,1.3686207153068714e+07
1.0000000000000000e+00,1.1670000000000000e+03,1.3686208153068714e+07
1.0000000000000000e+00,1.1680000000000000e+03,1.3686209153068714e+07
1.0000000000000000e+00,1.1690000000000000e+03,1.3686210153068714e+07
1.0000000000000000e+00,1.1700000000000000e+03,1.3686211153068714e+07
1.0000000000000000e+00,1.1710000000000000e+03,1.3686212153068714e+07
1.0000000000000000e+00,1.1720000000000000e+03,1.3686213153068714e+07
1.0000000000000000e+00,1.1730000000000000e+03,1.3686214153068714e+07
1.0000000000000000e+00,1.1740000000000000e+03,1.3686215153068714e+07
1.0000000000000000e+00,1.1750000000000000e+03,1.3686216153068714e+07
1.0000000000000000e+00,1.1760000000000000e+03,1.3686217153068714e+07
1.0000000000000000e+00,1.1770000000000000e+03,1.3686218153068714e+07
1.0000000000000000e+00,1.1780000000000000e+03,1.3686219153068714e+07
1.0000000000000000e+00,1.1790000000000000e+03,1.3686220153068714e+07
1.0000000000000000e+00,1.1800000000000000e+03,1.3686221153068714e+07
1.0000000000000000e+00,1.1810000000000000e+03,1.3686222153068714e+07
1.0000000000000000e+00,1.1820000000000000e+03,1.3686223153068714e+07
1.0000000000000000e+00,1.1830000000000000e+03,1.3686224153068714e+07
1.0000000000000000e+00,1.1840000000000000e+03,1.3686225153068714e+07
1.0000000000000000e+00,1.1850000000000000e+03,1.3686226153068714e+07
1.0000000000000000e+00,1.1860000000000000e+03,1.3686227153068714e+07
1.0000000000000000e+00,1.1870000000000000e+03,1.3686228153068714e+07
1.0000000000000000e+00,1.1880000000000000e+03,1.3686229153068714e+07
1.0000000000000000e+00,1.1890000000000000e+03,1.3686230153068714e+07
1.0000000000000000e+00,1.1900000000000000e+03,1.3686231153068714e+07
1.0000000000000000e+00,1.1910000000000000e+03,1.3686232153068714e+07
1.0000000000000000e+00,1.1920000000000000e+03,1.3686233153068714e+07
1.0000000000000000e+00,1.1930000000000000e+03,1.3686234153068714e+07
1.0000000000000000e+00,1.1940000000000000e+03,1.3686235153068714e+07
1.0000000000000000e+00,1.1950000000000000e+03,1.3686236153068714e+07
1.0000000000000000e+00,1.1960000000000000e+03,1.3686237153068714e+07
1.0000000000000000e+00,1.1970000000000000e+03,1.3686238153068714e+07
1.0000000000000000e+00,1.1980000000000000e+03,1.3686239153068714e+07
1.0000000000000000e+00,1.1990000000000000e+03,1.3686240153068714e+07
1.0000000000000000e+00,1.2000000000000000e+03,1.3686241153068714e+07
1.0000000000000000e+00,1.2010000000000000e+03,1.3686242153068714e+07
1.0000000000000000e+00,1.2020000000000000e+03,1.3686243153068714e+07
1.0000000000000000e+00,1.2030000000000000e+03,1.3686244153068714e+07
1.0000000000000000e+00,1.2040000000000000e+03,1.3686245153068714e+07
1.0000000000000000e+00,1.2050000000000000e+03,1.3686246153068714e+07
1.0000000000000000e+00,1.2060000000000000e+03,1.3686247153068714e+07
1.0000000000000000e+00,1.2070000000000000e+03,1.3686248153068714e+07
1.0000000000000000e+00,1.2080000000000000e+03,1.3686249153068714e+07
1.0000000000000000e+00,1.2090000000000000e+03,1.3686250153068714e+07
1.0000000000000000e+00,1.2100000000000000e+03,1.3686251153068714e+07
1.0000000000000000e+00,1.2110000000000000e+03,1.3686252153068714e+07
1.0000000000000000e+00,1.2120000000000000e+03,1.3686253153068714e+07
1.0000000000000000e+00,1.2130000000000000e+03,1.3686254153068714e+07
1.0000000000000000e+00,1.2140000000000000e+03,1.3686255153068714e+07
1.0000000000000000e+00,1.2150000000000000e+03,1.3686256153068714e+07
1.0000000000000000e+00,1.2160000000000000e+03,1.3686257153068714e+07
1.0000000000000000e+00,1.2170000000000000e+03,1.3686258153068714e+07
1.0000000000000000e+00,1.2180000000000000e+03,1.3686259153068714e+07
1.0000000000000000e+00,1.2190000000000000e+03,1.3686260153068714e+07
1.0000000000000000e+00,1.2200000000000000e+03,1.3686261153068714e+07
1.0000000000000000e+00,1.2210000000000000e+03,1.3686262153068714e+07
1.0000000000000000e+00,1.2220000000000000e+03,1.3686263153068714e+07
1.0000000000000000e+00,1.2230000000000000e+03,1.3686264153068714e+07
1.0000000000000000e+00,1.2240000000000000e+03,1.3686265153068714e+07
1.0000000000000000e+00,1.2250000000000000e+03,1.3686266153068714e+07
1.0000000000000000e+00,1.2260000000000000e+03,1.3686267153068714e+07
1.0000000000000000e+00,1.2270000000000000e+03,1.3686268153068714e+07
1.0000000000000000e+00,1.2280000000000000e+03,1.3686269153068714e+07
1.0000000000000000e+00,1.2290000000000000e+03,1.3686270153068714e+07
1.0000000000000000e+00,1.2300000000000000e+03,1.3686271153068714e+07
1.0000000000000000e+00,1.2310000000000000e+03,1.3686272153068714e+07
1.0000000000000000e+00,1.2320000000000000e+03,1.3686273153068714e+07
1.0000000000000000e+00,1.2330000000000000e+03,1.3686274153068714e+07
1.0000000000000000e+00,1.2340000000000000e+03,1.3686275153068714e+07
1.0000000000000000e+00,1.2350000000000000e+03,1.3686276153068714e+07
1.0000000000000000e+00,1.2360000000000000e+03,1.3686277153068714e+07
1.0000000000000000e+00,1.2370000000000000e+03,1.3686278153068714e+07
1.0000000000000000e+00,1.2380000000000000e+03,1.3686279153068714e+07
1.0000000000000000e+00,1.2390000000000000e+03,1.3686280153068714e+07
1.0000000000000000e+00,1.2400000000000000e+03,1.3686281153068714e+07
1.0000000000000000e+00,1.2410000000000000e+03,1.3686282153068714e+07
1.0000000000000000e+00,1.2420000000000000e+03,1.3686283153068714e+07
1.0000000000000000e+00,1.2430000000000000e+03,1.3686284153068714e+07
1.0000000000000000e+00,1.2440000000000000e+03,1.3686285153068714e+07
1.0000000000000000e+00,1.2450000000000000e+03,1.3686286153068714e+07
1.0000000000000000e+00,1.2460000000000000e+03,1.3686287153068714e+07
1.0000000000000000e+00,1.2470000000000000e+03,1.3686288153068714e+07
1.0000000000000000e+00,1.2480000000000000e+03,1.3686289153068714e+07
1.0000000000000000e+00,1.2490000000000000e+03,1.3686290153068714e+07
1.0000000000000000e+00,1.2500000000000000e+03,1.3686291153068714e+07
1.0000000000000000e+00,1.2510000000000000e+03,1.3686292153068714e+07
1.0000000000000000e+00,1.2520000000000000e+03,1.3686293153068714e+07
1.0000000000000000e+00,1.2530000000000000e+03,1.3686294153068714e+07
1.0000000000000000e+00,1.2540000000000000e+03,1.3686295153068714e+07
1.0000000000000000e+00,1.2550000000000000e+03,1.3686296153068714e+07
1.0000000000000000e+00,1.2560000000000000e+03,1.3686297153068714e+07
1.0000000000000000e+00,1.2570000000000000e+03,1.3686298153068714e+07
1.0000000000000000e+00,1.2580000000000000e+03,1.3686299153068714e+07
1.0000000000000000e+00,1.2590000000000000e+03,1.3686300153068714e+07
1.0000000000000000e+00,1.2600000000000000e+03,1.3686301153068714e+07
1.0000000000000000e+00,1.2610000000000000e+03,1.3686302153068714e+07
1.0000000000000000e+00,1.2620000000000000e+03,1.3686303153068714e+07
1.0000000000000000e+00,1.2630000000000000e+03,1.3686304153068714e+07
1.0000000000000000e+00,1.2640000000000000e+03,1.3686305153068714e+07
1.0000000000000000e+00,1.2650000000000000e+03,1.3686306153068714e+07
1.0000000000000000e+00,1.2660000000000000e+03,1.3686307153068714e+07
1.0000000000000000e+00,1.2670000000000000e+03,1.3686308153068714e+07
1.0000000000000000e+00,1.2680000000000000e+03,1.3686309153068714e+07
1.0000000000000000e+00,1.2690000000000000e+03,1.3686310153068714e+07
1.0000000000000000e+00,1.2700000000000000e+03,1.3686311153068714e+07
1.0000000000000000e+00,1.2710000000000000e+03,1.3686312153068714e+07
1.0000000000000000e+00,1.2720000000000000e+03,1.3686313153068714e+07
1.0000000000000000e+00,1.2730000000000000e+03,1.3686314153068714e+07
1.0000000000000000e+00,1.2740000000000000e+03,1.3686315153068714e+07
1.0000000000000000e+00,1.2750000000000000e+03,1.3686316153068714e+07
1.0000000000000000e+00,1.2760000000000000e+03,1.3686317153068714e+07
1.0000000000000000e+00,1.2770000000000000e+03,1.3686318153068714e+07
1.0000000000000000e+00,1.2780000000000000e+03,1.3686319153068714e+07
1.0000000000000000e+00,1.2790000000000000e+03,1.3686320153068714e+07
1.0000000000000000e+00,1.2800000000000000e+03,1.3686321153068714e+07
1.0000000000000000e+00,1.2810000000000000e+03,1.3686322153068714e+07
1.0000000000000000e+00,1.2820000000000000e+03,1.3686323153068714e+07
1.0000000000000000e+00,1.2830000000000000e+03,1.3686324153068714e+07
1.0000000000000000e+00,1.2840000000000000e+03,1.3686325153068714e+07
1.0000000000000000e+00,1.2850000000000000e+03,1.3686326153068714e+07
1.0000000000000000e+00,1.2860000000000000e+03,1.3686327153068714e+07
1.0000000000000000e+00,1.2870000000000000e+03,1.3686328153068714e+07
1.0000000000000000e+00,1.2880000000000000e+03,1.3686329153068714e+07
1.0000000000000000e+00,1.2890000000000000e+03,1.3686330153068714e+07
1.0000000000000000e+00,1.2900000000000000e+03,1.3686331153068714e+07
1.0000000000000000e+00,1.2910000000000000e+03,1.3686332153068714e+07
1.0000000000000000e+00,1.2920000000000000e+03,1.3686333153068714e+07
1.0000000000000000e+00,1.2930000000000000e+03,1.3686334153068714e+07
1.0000000000000000e+00,1.2940000000000000e+03,1.3686335153068714e+07
1.0000000000000000e+00,1.2950000000000000e+03,1.3686336153068714e+07
1.0000000000000000e+00,1.2960000000000000e+03,1.3686337153068714e+07
1.0000000000000000e+00,1.2970000000000000e+03,1.3686338153068714e+07
1.0000000000000000e+00,1.2980000000000000e+03,1.3686339153068714e+07
1.0000000000000000e+00,1.2990000000000000e+03,1.3686340153068714e+07
1.0000000000000000e+00,1.3000000000000000e+03,1.3686341153068714e+07
1.0000000000000000e+00,1.3010000000000000e+03,1.3686342153068714e+07
1.0000000000000000e+00,1.3020000000000000e+03,1.3686343153068714e+07
1.0000000000000000e+00,1.3030000000000000e+03,1.3686344153068714e+07
1.0000000000000000e+00,1.3040000000000000e+03,1.3686345153068714e+07
1.0000000000000000e+00,1.3050000000000000e+03,1.3686346153068714e+07
1.0000000000000000e+00,1.3060000000000000e+03,1.3686347153068714e+07
1.0000000000000000e+00,1.3070000000000000e+03,1.3686348153068714e+07
1.0000000000000000e+00,1.3080000000000000e+03,1.3686349153068714e+07
1.0000000000000000e+00,1.3090000000000000e+03,1.3686350153068714e+07
1.0000000000000000e+00,1.3100000000000000e+03,1.3686351153068714e+07
1.0000000000000000e+00,1.3110000000000000e+03,1.3686352153068714e+07
1.0000000000000000e+00,1.3120000000000000e+03,1.3686353153068714e+07
1.0000000000000000e+00,1.3130000000000000e+03,1.3686354153068714e+07
1.0000000000000000e+00,1.3140000000000000e+03,1.3686355153068714e+07
1.0000000000000000e+00,1.3150000000000000e+03,1.3686356153068714e+07
1.0000000000000000e+00,1.3160000000000000e+03,1.3686357153068714e+07
1.0000000000000000e+00,1.3170000000000000e+03,1.3686358153068714e+07
1.0000000000000000e+00,1.3180000000000000e+03,1.3686359153068714e+07
1.0000000000000000e+00,1.3190000000000000e+03,1.3686360153068714e+07
1.0000000000000000e+00,1.3200000000000000e+03,1.3686361153068714e+07
1.0000000000000000e+00,1.3210000000000000e+03,1.3686362153068714e+07
1.0000000000000000e+00,1.3220000000000000e+03,1.3686363153068714e+07
1.0000000000000000e+00,1.3230000000000000e+03,1.3686364153068714e+07
1.0000000000000000e+00,1.3240000000000000e+03,1.3686365153068714e+07
1.0000000000000000e+00,1.3250000000000000e+03,1.3686366153068714e+07
1.0000000000000000e+00,1.3260000000000000e+03,1.3686367153068714e+07
1.0000000000000000e+00,1.3270000000000000e+03,1.3686368153068714e+07
1.0000000000000000e+00,1.3280000000000000e+03,1.3686369153068714e+07
1.0000000000000000e+00,1.3290000000000000e+03,1.3686370153068714e+07
1.0000000000000000e+00,1.3300000000000000e+03,1.3686371153068714e+07
1.0000000000000000e+00,1.3310000000000000e+03,1.3686372153068714e+07
1.0000000000000000e+00,1.3320000000000000e+03,1.3686373153068714e+07
1.0000000000000000e+00,1.3330000000000000e+03,1.3686374153068714e+07
1.0000000000000000e+00,1.3340000000000000e+03,1.3686375153068714e+07
1.0000000000000000e+00,1.3350000000000000e+03,1.3686376153068714e+07
1.0000000000000000e+00,1.3360000000000000e+03,1.3686377153068714e+07
1.0000000000000000e+00,1.3370000000000000e+03,1.3686378153068714e+07
1.0000000000000000e+00,1.3380000000000000e+03,1.3686379153068714e+07
1.0000000000000000e+00,1.3390000000000000e+03,1.3686380153068714e+07
1.0000000000000000e+00,1.3400000000000000e+03,1.3686381153068714e+07
1.0000000000000000e+00,1.3410000000000000e+03,1.3686382153068714e+07
1.0000000000000000e+00,1.3420000000000000e+03,1.3686383153068714e+07
1.0000000000000000e+00,1.3430000000000000e+03,1.3686384153068714e+07
1.0000000000000000e+00,1.3440000000000000e+03,1.3686385153068714e+07
1.0000000000000000e+00,1.3450000000000000e+03,1.3686386153068714e+07
1.0000000000000000e+00,1.3460000000000000e+03,1.3686387153068714e+07
1.0000000000000000e+00,1.3470000000000000e+03,1.3686388153068714e+07
1.0000000000000000e+00,1.3480000000000000e+03,1.3686389153068714e+07
1.0000000000000000e+00,1.3490000000000000e+03,1.3686390153068714e+07
1.0000000000000000e+00,1.3500000000000000e+03,1.3686391153068714e+07
1.0000000000000000e+00,1.3510000000000000e+03,1.3686392153068714e+07
1.0000000000000000e+00,1.3520000000000000e+03,1.3686393153068714e+07
1.0000000000000000e+00,1.3530000000000000e+03,1.3686394153068714e+07
1.0000000000000000e+00,1.3540000000000000e+03,1.3686395153068714e+07
1.0000000000000000e+00,1.3550000000000000e+03,1.3686396153068714e+07
1.0000000000000000e+00,1.3560000000000000e+03,1.3686397153068714e+07
1.0000000000000000e+00,1.3570000000000000e+03,1.3686398153068714e+07
1.0000000000000000e+00,1.3580000000000000e+03,1.3686399153068714e+07
1.0000000000000000e+00,1.3590000000000000e+03,1.3686400153068714e+07
1.0000000000000000e+00,1.3600000000000000e+03,1.3686401153068714e+07
1.0000000000000000e+00,1.3610000000000000e+03,1.3686402153068714e+07
1.0000000000000000e+00,1.3620000000000000e+03,1.3686403153068714e+07
1.0000000000000000e+00,1.3630000000000000e+03,1.3686404153068714e+07
1.0000000000000000e+00,1.3640000000000000e+03,1.3686405153068714e+07
1.0000000000000000e+00,1.3650000000000000e+03,1.3686406153068714e+07
1.0000000000000000e+00,1.3660000000000000e+03,1.3686407153068714e+07
1.0000000000000000e+00,1.3670000000000000e+03,1.3686408153068714e+07
1.0000000000000000e+00,1.3680000000000000e+03,1.3686409153068714e+07
1.0000000000000000e+00,1.3690000000000000e+03,1.3686410153068714e+07
1.0000000000000000e+00,1.3700000000000000e+03,1.3686411153068714e+07
1.0000000000000000e+00,1.3710000000000000e+03,1.3686412153068714e+07
1.0000000000000000e+00,1.3720000000000000e+03,1.3686413153068714e+07
1.0000000000000000e+00,1.3730000000000000e+03,1.3686414153068714e+07
1.0000000000000000e+00,1.3740000000000000e+03,1.3686415153068714e+07
1.0000000000000000e+00,1.3750000000000000e+03,1.3686416153068714e+07
1.0000000000000000e+00,1.3760000000000000e+03,1.3686417153068714e+07
1.0000000000000000e+00,1.3770000000000000e+03,1.3686418153068714e+07
1.0000000000000000e+00,1.3780000000000000e+03,1.3686419153068714e+07
1.0000000000000000e+00,1.3790000000000000e+03,1.3686420153068714e+07
1.0000000000000000e+00,1.3800000000000000e+03,1.3686421153068714e+07
1.0000000000000000e+00,1.3810000000000000e+03,1.3686422153068714e+07
1.0000000000000000e+00,1.3820000000000000e+03,1.3686423153068714e+07
1.0000000000000000e+00,1.3830000000000000e+03,1.3686424153068714e+07
1.0000000000000000e+00,1.3840000000000000e+03,1.3686425153068714e+07
1.0000000000000000e+00,1.3850000000000000e+03,1.3686426153068714e+07
1.0000000000000000e+00,1.3860000000000000e+03,1.3686427153068714e+07
1.0000000000000000e+00,1.3870000000000000e+03,1.3686428153068714e+07
1.0000000000000000e+00,1.3880000000000000e+03,1.3686429153068714e+07
1.0000000000000000e+00,1.3890000000000000e+03,1.3686430153068714e+07
1.0000000000000000e+00,1.3900000000000000e+03,1.3686431153068714e+07
1.0000000000000000e+00,1.3910000000000000e+03,1.3686432153068714e+07
1.0000000000000000e+00,1.3920000000000000e+03,1.3686433153068714e+07
1.0000000000000000e+00,1.3930000000000000e+03,1.3686434153068714e+07
1.0000000000000000e+00,1.3940000000000000e+03,1.3686435153068714e+07
1.0000000000000000e+00,1.3950000000000000e+03,1.3686436153068714e+07
1.0000000000000000e+00,1.3960000000000000e+03,1.3686437153068714e+07
1.0000000000000000e+00,1.3970000000000000e+03,1.3686438153068714e+07
1.0000000000000000e+00,1.3980000000000000e+03,1.3686439153068714e+07
1.0000000000000000e+00,1.3990000000000000e+03,1.3686440153068714e+07
1.0000000000000000e+00,1.4000000000000000e+03,1.3686441153068714e+07
1.0000000000000000e+00,1.4010000000000000e+03,1.3686442153068714e+07
1.0000000000000000e+00,1.4020000000000000e+03,1.3686443153068714e+07
1.0000000000000000e+00,1.4030000000000000e+03,1.3686444153068714e+07
1.0000000000000000e+00,1.4040000000000000e+03,1.3686445153068714e+07
1.0000000000000000e+00,1.4050000000000000e+03,1.3686446153068714e+07
1.0000000000000000e+00,1.4060000000000000e+03,1.3686447153068714e+07
1.0000000000000000e+00,1.4070000000000000e+03,1.3686448153068714e+07
1.0000000000000000e+00,1.4080000000000000e+03,1.3686449153068714e+07
1.0000000000000000e+00,1.4090000000000000e+03,1.3686450153068714e+07
1.0000000000000000e+00,1.4100000000000000e+03,1.3686451153068714e+07
1.0000000000000000e+00,1.4110000000000000e+03,1.3686452153068714e+07
1.0000000000000000e+00,1.4120000000000000e+03,1.3686453153068714e+07
1.0000000000000000e+00,1.4130000000000000e+03,1.3686454153068714e+07
1.0000000000000000e+00,1.4140000000000000e+03,1.3686455153068714e+07
1.0000000000000000e+00,1.4150000000000000e+03,1.3686456153068714e+07
1.0000000000000000e+00,1.4160000000000000e+03,1.3686457153068714e+07
1.0000000000000000e+00,1.4170000000000000e+03,1.3686458153068714e+07
1.0000000000000000e+00,1.4180000000000000e+03,1.3686459153068714e+07
1.0000000000000000e+00,1.4190000000000000e+03,1.3686460153068714e+07
1.0000000000000000e+00,1.4200000000000000e+03,1.3686461153068714e+07
1.0000000000000000e+00,1.4210000000000000e+03,1.3686462153068714e+07
1.0000000000000000e+00,1.4220000000000000e+03,1.3686463153068714e+07
1.0000000000000000e+00,1.4230000000000000e+03,1.3686464153068714e+07
1.0000000000000000e+00,1.4240000000000000e+03,1.3686465153068714e+07
1.0000000000000000e+00,1.4250000000000000e+03,1.3686466153068714e+07
1.0000000000000000e+00,1.4260000000000000e+03,1.3686467153068714e+07
1.0000000000000000e+00,1.4270000000000000e+03,1.3686468153068714e+07
1.0000000000000000e+00,1.4280000000000000e+03,1.3686469153068714e+07
1.0000000000000000e+00,1.4290000000000000e+03,1.3686470153068714e+07
1.0000000000000000e+00,1.4300000000000000e+03,1.3686471153068714e+07
1.0000000000000000e+00,1.4310000000000000e+03,1.3686472153068714e+07
1.0000000000000000e+00,1.4320000000000000e+03,1.3686473153068714e+07
1.0000000000000000e+00,1.4330000000000000e+03,1.3686474153068714e+07
1.0000000000000000e+00,1.4340000000000000e+03,1.3686475153068714e+07
1.0000000000000000e+00,1.4350000000000000e+03,1.3686476153068714e+07
1.0000000000000000e+00,1.4360000000000000e+03,1.3686477153068714e+07
1.0000000000000000e+00,1.4370000000000000e+03,1.3686478153068714e+07
1.0000000000000000e+00,1.4380000000000000e+03,1.3686479153068714e+07
1.0000000000000000e+00,1.4390000000000000e+03,1.3686480153068714e+07
